26 
12 

2 
2 
3 
2 
2 
2 
2 
2 
3 
2 
2 
2 

66 

31.25 31.25 32.6087 32.6087 30.6122 30.6122 30.6122 21.7391 21.7391 23.8095 23.8095 20 20 30.6122 30.6122 20 20 31.9149 31.9149 31.9149 25.8621 25.8621 23.8095 23.8095 20.5479 20.5479 
31.25 31.25 32.6087 32.6087 30.6122 30.6122 30.6122 21.7391 21.7391 23.8095 23.8095 20 20 30.6122 30.6122 20 20 31.9149 31.9149 31.9149 25.8621 25.8621 23.8095 23.8095 20.5479 20.5479 
31.25 31.25 32.6087 32.6087 30.6122 30.6122 30.6122 21.7391 21.7391 23.8095 23.8095 20 20 30.6122 30.6122 20 20 31.9149 31.9149 31.9149 25.8621 25.8621 23.8095 23.8095 20.5479 20.5479 
31.25 31.25 32.6087 32.6087 30.6122 30.6122 30.6122 21.7391 21.7391 23.8095 23.8095 20 20 30.6122 30.6122 20 20 31.9149 31.9149 31.9149 25.8621 25.8621 23.8095 23.8095 20.5479 20.5479 
31.25 31.25 32.6087 32.6087 30.6122 30.6122 30.6122 21.7391 21.7391 23.8095 23.8095 20 20 30.6122 30.6122 20 20 31.9149 31.9149 31.9149 25.8621 25.8621 23.8095 23.8095 20.5479 20.5479 
31.25 31.25 32.6087 32.6087 30.6122 30.6122 30.6122 21.7391 21.7391 23.8095 23.8095 20 20 30.6122 30.6122 20 20 31.9149 31.9149 31.9149 25.8621 25.8621 23.8095 23.8095 20.5479 20.5479 
3.75 3.75 3.91304 3.91304 3.67347 3.67347 3.67347 2.6087 2.6087 2.85714 2.85714 2.4 2.4 3.67347 3.67347 2.4 2.4 3.82979 3.82979 3.82979 3.10345 3.10345 2.85714 2.85714 2.46575 2.46575 
31.25 31.25 32.6087 32.6087 30.6122 30.6122 30.6122 21.7391 21.7391 23.8095 23.8095 20 20 30.6122 30.6122 20 20 31.9149 31.9149 31.9149 25.8621 25.8621 23.8095 23.8095 20.5479 20.5479 
31.25 31.25 32.6087 32.6087 30.6122 30.6122 30.6122 21.7391 21.7391 23.8095 23.8095 20 20 30.6122 30.6122 20 20 31.9149 31.9149 31.9149 25.8621 25.8621 23.8095 23.8095 20.5479 20.5479 
31.25 31.25 32.6087 32.6087 30.6122 30.6122 30.6122 21.7391 21.7391 23.8095 23.8095 20 20 30.6122 30.6122 20 20 31.9149 31.9149 31.9149 25.8621 25.8621 23.8095 23.8095 20.5479 20.5479 
31.25 31.25 32.6087 32.6087 30.6122 30.6122 30.6122 21.7391 21.7391 23.8095 23.8095 20 20 30.6122 30.6122 20 20 31.9149 31.9149 31.9149 25.8621 25.8621 23.8095 23.8095 20.5479 20.5479 
31.25 31.25 32.6087 32.6087 30.6122 30.6122 30.6122 21.7391 21.7391 23.8095 23.8095 20 20 30.6122 30.6122 20 20 31.9149 31.9149 31.9149 25.8621 25.8621 23.8095 23.8095 20.5479 20.5479 
8.75 8.75 9.13043 9.13043 8.57143 8.57143 8.57143 6.08696 6.08696 6.66667 6.66667 5.6 5.6 8.57143 8.57143 5.6 5.6 8.93617 8.93617 8.93617 7.24138 7.24138 6.66667 6.66667 5.75342 5.75342 
31.25 31.25 32.6087 32.6087 30.6122 30.6122 30.6122 21.7391 21.7391 23.8095 23.8095 20 20 30.6122 30.6122 20 20 31.9149 31.9149 31.9149 25.8621 25.8621 23.8095 23.8095 20.5479 20.5479 
31.25 31.25 32.6087 32.6087 30.6122 30.6122 30.6122 21.7391 21.7391 23.8095 23.8095 20 20 30.6122 30.6122 20 20 31.9149 31.9149 31.9149 25.8621 25.8621 23.8095 23.8095 20.5479 20.5479 
31.25 31.25 32.6087 32.6087 30.6122 30.6122 30.6122 21.7391 21.7391 23.8095 23.8095 20 20 30.6122 30.6122 20 20 31.9149 31.9149 31.9149 25.8621 25.8621 23.8095 23.8095 20.5479 20.5479 
31.25 31.25 32.6087 32.6087 30.6122 30.6122 30.6122 21.7391 21.7391 23.8095 23.8095 20 20 30.6122 30.6122 20 20 31.9149 31.9149 31.9149 25.8621 25.8621 23.8095 23.8095 20.5479 20.5479 
22.5 22.5 23.4783 23.4783 22.0408 22.0408 22.0408 15.6522 15.6522 17.1429 17.1429 14.4 14.4 22.0408 22.0408 14.4 14.4 22.9787 22.9787 22.9787 18.6207 18.6207 17.1429 17.1429 14.7945 14.7945 
31.25 31.25 32.6087 32.6087 30.6122 30.6122 30.6122 21.7391 21.7391 23.8095 23.8095 20 20 30.6122 30.6122 20 20 31.9149 31.9149 31.9149 25.8621 25.8621 23.8095 23.8095 20.5479 20.5479 
31.25 31.25 32.6087 32.6087 30.6122 30.6122 30.6122 21.7391 21.7391 23.8095 23.8095 20 20 30.6122 30.6122 20 20 31.9149 31.9149 31.9149 25.8621 25.8621 23.8095 23.8095 20.5479 20.5479 
31.25 31.25 32.6087 32.6087 30.6122 30.6122 30.6122 21.7391 21.7391 23.8095 23.8095 20 20 30.6122 30.6122 20 20 31.9149 31.9149 31.9149 25.8621 25.8621 23.8095 23.8095 20.5479 20.5479 
11.25 11.25 11.7391 11.7391 11.0204 11.0204 11.0204 7.82609 7.82609 8.57143 8.57143 7.2 7.2 11.0204 11.0204 7.2 7.2 11.4894 11.4894 11.4894 9.31034 9.31034 8.57143 8.57143 7.39726 7.39726 
31.25 31.25 32.6087 32.6087 30.6122 30.6122 30.6122 21.7391 21.7391 23.8095 23.8095 20 20 30.6122 30.6122 20 20 31.9149 31.9149 31.9149 25.8621 25.8621 23.8095 23.8095 20.5479 20.5479 
31.25 31.25 32.6087 32.6087 30.6122 30.6122 30.6122 21.7391 21.7391 23.8095 23.8095 20 20 30.6122 30.6122 20 20 31.9149 31.9149 31.9149 25.8621 25.8621 23.8095 23.8095 20.5479 20.5479 
31.25 31.25 32.6087 32.6087 30.6122 30.6122 30.6122 21.7391 21.7391 23.8095 23.8095 20 20 30.6122 30.6122 20 20 31.9149 31.9149 31.9149 25.8621 25.8621 23.8095 23.8095 20.5479 20.5479 
20 20 20.8696 20.8696 19.5918 19.5918 19.5918 13.913 13.913 15.2381 15.2381 12.8 12.8 19.5918 19.5918 12.8 12.8 20.4255 20.4255 20.4255 16.5517 16.5517 15.2381 15.2381 13.1507 13.1507 
31.25 31.25 32.6087 32.6087 30.6122 30.6122 30.6122 21.7391 21.7391 23.8095 23.8095 20 20 30.6122 30.6122 20 20 31.9149 31.9149 31.9149 25.8621 25.8621 23.8095 23.8095 20.5479 20.5479 
31.25 31.25 32.6087 32.6087 30.6122 30.6122 30.6122 21.7391 21.7391 23.8095 23.8095 20 20 30.6122 30.6122 20 20 31.9149 31.9149 31.9149 25.8621 25.8621 23.8095 23.8095 20.5479 20.5479 
31.25 31.25 32.6087 32.6087 30.6122 30.6122 30.6122 21.7391 21.7391 23.8095 23.8095 20 20 30.6122 30.6122 20 20 31.9149 31.9149 31.9149 25.8621 25.8621 23.8095 23.8095 20.5479 20.5479 
21.25 21.25 22.1739 22.1739 20.8163 20.8163 20.8163 14.7826 14.7826 16.1905 16.1905 13.6 13.6 20.8163 20.8163 13.6 13.6 21.7021 21.7021 21.7021 17.5862 17.5862 16.1905 16.1905 13.9726 13.9726 
31.25 31.25 32.6087 32.6087 30.6122 30.6122 30.6122 21.7391 21.7391 23.8095 23.8095 20 20 30.6122 30.6122 20 20 31.9149 31.9149 31.9149 25.8621 25.8621 23.8095 23.8095 20.5479 20.5479 
31.25 31.25 32.6087 32.6087 30.6122 30.6122 30.6122 21.7391 21.7391 23.8095 23.8095 20 20 30.6122 30.6122 20 20 31.9149 31.9149 31.9149 25.8621 25.8621 23.8095 23.8095 20.5479 20.5479 
31.25 31.25 32.6087 32.6087 30.6122 30.6122 30.6122 21.7391 21.7391 23.8095 23.8095 20 20 30.6122 30.6122 20 20 31.9149 31.9149 31.9149 25.8621 25.8621 23.8095 23.8095 20.5479 20.5479 
30 30 31.3043 31.3043 29.3878 29.3878 29.3878 20.8696 20.8696 22.8571 22.8571 19.2 19.2 29.3878 29.3878 19.2 19.2 30.6383 30.6383 30.6383 24.8276 24.8276 22.8571 22.8571 19.726 19.726 
31.25 31.25 32.6087 32.6087 30.6122 30.6122 30.6122 21.7391 21.7391 23.8095 23.8095 20 20 30.6122 30.6122 20 20 31.9149 31.9149 31.9149 25.8621 25.8621 23.8095 23.8095 20.5479 20.5479 
31.25 31.25 32.6087 32.6087 30.6122 30.6122 30.6122 21.7391 21.7391 23.8095 23.8095 20 20 30.6122 30.6122 20 20 31.9149 31.9149 31.9149 25.8621 25.8621 23.8095 23.8095 20.5479 20.5479 
31.25 31.25 32.6087 32.6087 30.6122 30.6122 30.6122 21.7391 21.7391 23.8095 23.8095 20 20 30.6122 30.6122 20 20 31.9149 31.9149 31.9149 25.8621 25.8621 23.8095 23.8095 20.5479 20.5479 
31.25 31.25 32.6087 32.6087 30.6122 30.6122 30.6122 21.7391 21.7391 23.8095 23.8095 20 20 30.6122 30.6122 20 20 31.9149 31.9149 31.9149 25.8621 25.8621 23.8095 23.8095 20.5479 20.5479 
28.75 28.75 30 30 28.1633 28.1633 28.1633 20 20 21.9048 21.9048 18.4 18.4 28.1633 28.1633 18.4 18.4 29.3617 29.3617 29.3617 23.7931 23.7931 21.9048 21.9048 18.9041 18.9041 
31.25 31.25 32.6087 32.6087 30.6122 30.6122 30.6122 21.7391 21.7391 23.8095 23.8095 20 20 30.6122 30.6122 20 20 31.9149 31.9149 31.9149 25.8621 25.8621 23.8095 23.8095 20.5479 20.5479 
31.25 31.25 32.6087 32.6087 30.6122 30.6122 30.6122 21.7391 21.7391 23.8095 23.8095 20 20 30.6122 30.6122 20 20 31.9149 31.9149 31.9149 25.8621 25.8621 23.8095 23.8095 20.5479 20.5479 
26.25 26.25 27.3913 27.3913 25.7143 25.7143 25.7143 18.2609 18.2609 20 20 16.8 16.8 25.7143 25.7143 16.8 16.8 26.8085 26.8085 26.8085 21.7241 21.7241 20 20 17.2603 17.2603 
31.25 31.25 32.6087 32.6087 30.6122 30.6122 30.6122 21.7391 21.7391 23.8095 23.8095 20 20 30.6122 30.6122 20 20 31.9149 31.9149 31.9149 25.8621 25.8621 23.8095 23.8095 20.5479 20.5479 
31.25 31.25 32.6087 32.6087 30.6122 30.6122 30.6122 21.7391 21.7391 23.8095 23.8095 20 20 30.6122 30.6122 20 20 31.9149 31.9149 31.9149 25.8621 25.8621 23.8095 23.8095 20.5479 20.5479 
31.25 31.25 32.6087 32.6087 30.6122 30.6122 30.6122 21.7391 21.7391 23.8095 23.8095 20 20 30.6122 30.6122 20 20 31.9149 31.9149 31.9149 25.8621 25.8621 23.8095 23.8095 20.5479 20.5479 
31.25 31.25 32.6087 32.6087 30.6122 30.6122 30.6122 21.7391 21.7391 23.8095 23.8095 20 20 30.6122 30.6122 20 20 31.9149 31.9149 31.9149 25.8621 25.8621 23.8095 23.8095 20.5479 20.5479 
31.25 31.25 32.6087 32.6087 30.6122 30.6122 30.6122 21.7391 21.7391 23.8095 23.8095 20 20 30.6122 30.6122 20 20 31.9149 31.9149 31.9149 25.8621 25.8621 23.8095 23.8095 20.5479 20.5479 
21.25 21.25 22.1739 22.1739 20.8163 20.8163 20.8163 14.7826 14.7826 16.1905 16.1905 13.6 13.6 20.8163 20.8163 13.6 13.6 21.7021 21.7021 21.7021 17.5862 17.5862 16.1905 16.1905 13.9726 13.9726 
31.25 31.25 32.6087 32.6087 30.6122 30.6122 30.6122 21.7391 21.7391 23.8095 23.8095 20 20 30.6122 30.6122 20 20 31.9149 31.9149 31.9149 25.8621 25.8621 23.8095 23.8095 20.5479 20.5479 
31.25 31.25 32.6087 32.6087 30.6122 30.6122 30.6122 21.7391 21.7391 23.8095 23.8095 20 20 30.6122 30.6122 20 20 31.9149 31.9149 31.9149 25.8621 25.8621 23.8095 23.8095 20.5479 20.5479 
31.25 31.25 32.6087 32.6087 30.6122 30.6122 30.6122 21.7391 21.7391 23.8095 23.8095 20 20 30.6122 30.6122 20 20 31.9149 31.9149 31.9149 25.8621 25.8621 23.8095 23.8095 20.5479 20.5479 
25 25 26.087 26.087 24.4898 24.4898 24.4898 17.3913 17.3913 19.0476 19.0476 16 16 24.4898 24.4898 16 16 25.5319 25.5319 25.5319 20.6897 20.6897 19.0476 19.0476 16.4384 16.4384 
31.25 31.25 32.6087 32.6087 30.6122 30.6122 30.6122 21.7391 21.7391 23.8095 23.8095 20 20 30.6122 30.6122 20 20 31.9149 31.9149 31.9149 25.8621 25.8621 23.8095 23.8095 20.5479 20.5479 
31.25 31.25 32.6087 32.6087 30.6122 30.6122 30.6122 21.7391 21.7391 23.8095 23.8095 20 20 30.6122 30.6122 20 20 31.9149 31.9149 31.9149 25.8621 25.8621 23.8095 23.8095 20.5479 20.5479 
31.25 31.25 32.6087 32.6087 30.6122 30.6122 30.6122 21.7391 21.7391 23.8095 23.8095 20 20 30.6122 30.6122 20 20 31.9149 31.9149 31.9149 25.8621 25.8621 23.8095 23.8095 20.5479 20.5479 
22.5 22.5 23.4783 23.4783 22.0408 22.0408 22.0408 15.6522 15.6522 17.1429 17.1429 14.4 14.4 22.0408 22.0408 14.4 14.4 22.9787 22.9787 22.9787 18.6207 18.6207 17.1429 17.1429 14.7945 14.7945 
31.25 31.25 32.6087 32.6087 30.6122 30.6122 30.6122 21.7391 21.7391 23.8095 23.8095 20 20 30.6122 30.6122 20 20 31.9149 31.9149 31.9149 25.8621 25.8621 23.8095 23.8095 20.5479 20.5479 
31.25 31.25 32.6087 32.6087 30.6122 30.6122 30.6122 21.7391 21.7391 23.8095 23.8095 20 20 30.6122 30.6122 20 20 31.9149 31.9149 31.9149 25.8621 25.8621 23.8095 23.8095 20.5479 20.5479 
31.25 31.25 32.6087 32.6087 30.6122 30.6122 30.6122 21.7391 21.7391 23.8095 23.8095 20 20 30.6122 30.6122 20 20 31.9149 31.9149 31.9149 25.8621 25.8621 23.8095 23.8095 20.5479 20.5479 
11.25 11.25 11.7391 11.7391 11.0204 11.0204 11.0204 7.82609 7.82609 8.57143 8.57143 7.2 7.2 11.0204 11.0204 7.2 7.2 11.4894 11.4894 11.4894 9.31034 9.31034 8.57143 8.57143 7.39726 7.39726 
31.25 31.25 32.6087 32.6087 30.6122 30.6122 30.6122 21.7391 21.7391 23.8095 23.8095 20 20 30.6122 30.6122 20 20 31.9149 31.9149 31.9149 25.8621 25.8621 23.8095 23.8095 20.5479 20.5479 
31.25 31.25 32.6087 32.6087 30.6122 30.6122 30.6122 21.7391 21.7391 23.8095 23.8095 20 20 30.6122 30.6122 20 20 31.9149 31.9149 31.9149 25.8621 25.8621 23.8095 23.8095 20.5479 20.5479 
31.25 31.25 32.6087 32.6087 30.6122 30.6122 30.6122 21.7391 21.7391 23.8095 23.8095 20 20 30.6122 30.6122 20 20 31.9149 31.9149 31.9149 25.8621 25.8621 23.8095 23.8095 20.5479 20.5479 
31.25 31.25 32.6087 32.6087 30.6122 30.6122 30.6122 21.7391 21.7391 23.8095 23.8095 20 20 30.6122 30.6122 20 20 31.9149 31.9149 31.9149 25.8621 25.8621 23.8095 23.8095 20.5479 20.5479 
31.25 31.25 32.6087 32.6087 30.6122 30.6122 30.6122 21.7391 21.7391 23.8095 23.8095 20 20 30.6122 30.6122 20 20 31.9149 31.9149 31.9149 25.8621 25.8621 23.8095 23.8095 20.5479 20.5479 
2.5 2.5 2.6087 2.6087 2.44898 2.44898 2.44898 1.73913 1.73913 1.90476 1.90476 1.6 1.6 2.44898 2.44898 1.6 1.6 2.55319 2.55319 2.55319 2.06897 2.06897 1.90476 1.90476 1.64384 1.64384 

45 45 29 29 45 45 45 37 37 42 42 43 43 27 27 37 37 31 31 31 40 40 43 43 29 29 

1 1 1 1 1 1 1 1 1 1 1 1 1 1 1 1 1 1 1 1 1 1 1 1 1 1 
1 1 1 1 1 1 1 1 1 1 1 1 1 1 1 1 1 1 1 1 1 1 1 1 1 1 
1 1 1 1 1 1 1 1 1 1 1 1 1 1 1 1 1 1 1 1 1 1 1 1 1 1 
1 1 1 1 1 1 1 1 1 1 1 1 1 1 1 1 1 1 1 1 1 1 1 1 1 1 
1 1 1 1 1 1 1 1 1 1 1 1 1 1 1 1 1 1 1 1 1 1 1 1 1 1 
1 1 1 1 1 1 1 1 1 1 1 1 1 1 1 1 1 1 1 1 1 1 1 1 1 1 
1 1 1 1 1 1 1 1 1 1 1 1 1 1 1 1 1 1 1 1 1 1 1 1 1 1 
1 1 1 1 1 1 1 1 1 1 1 1 1 1 1 1 1 1 1 1 1 1 1 1 1 1 
1 1 1 1 1 1 1 1 1 1 1 1 1 1 1 1 1 1 1 1 1 1 1 1 1 1 
1 1 1 1 1 1 1 1 1 1 1 1 1 1 1 1 1 1 1 1 1 1 1 1 1 1 
1 1 1 1 1 1 1 1 1 1 1 1 1 1 1 1 1 1 1 1 1 1 1 1 1 1 
1 1 1 1 1 1 1 1 1 1 1 1 1 1 1 1 1 1 1 1 1 1 1 1 1 1 
1 1 1 1 1 1 1 1 1 1 1 1 1 1 1 1 1 1 1 1 1 1 1 1 1 1 
1 1 1 1 1 1 1 1 1 1 1 1 1 1 1 1 1 1 1 1 1 1 1 1 1 1 
1 1 1 1 1 1 1 1 1 1 1 1 1 1 1 1 1 1 1 1 1 1 1 1 1 1 
1 1 1 1 1 1 1 1 1 1 1 1 1 1 1 1 1 1 1 1 1 1 1 1 1 1 
1 1 1 1 1 1 1 1 1 1 1 1 1 1 1 1 1 1 1 1 1 1 1 1 1 1 
1 1 1 1 1 1 1 1 1 1 1 1 1 1 1 1 1 1 1 1 1 1 1 1 1 1 
1 1 1 1 1 1 1 1 1 1 1 1 1 1 1 1 1 1 1 1 1 1 1 1 1 1 
1 1 1 1 1 1 1 1 1 1 1 1 1 1 1 1 1 1 1 1 1 1 1 1 1 1 
1 1 1 1 1 1 1 1 1 1 1 1 1 1 1 1 1 1 1 1 1 1 1 1 1 1 
1 1 1 1 1 1 1 1 1 1 1 1 1 1 1 1 1 1 1 1 1 1 1 1 1 1 
1 1 1 1 1 1 1 1 1 1 1 1 1 1 1 1 1 1 1 1 1 1 1 1 1 1 
1 1 1 1 1 1 1 1 1 1 1 1 1 1 1 1 1 1 1 1 1 1 1 1 1 1 
1 1 1 1 1 1 1 1 1 1 1 1 1 1 1 1 1 1 1 1 1 1 1 1 1 1 
1 1 1 1 1 1 1 1 1 1 1 1 1 1 1 1 1 1 1 1 1 1 1 1 1 1 
1 1 1 1 1 1 1 1 1 1 1 1 1 1 1 1 1 1 1 1 1 1 1 1 1 1 
1 1 1 1 1 1 1 1 1 1 1 1 1 1 1 1 1 1 1 1 1 1 1 1 1 1 
1 1 1 1 1 1 1 1 1 1 1 1 1 1 1 1 1 1 1 1 1 1 1 1 1 1 
1 1 1 1 1 1 1 1 1 1 1 1 1 1 1 1 1 1 1 1 1 1 1 1 1 1 
1 1 1 1 1 1 1 1 1 1 1 1 1 1 1 1 1 1 1 1 1 1 1 1 1 1 
1 1 1 1 1 1 1 1 1 1 1 1 1 1 1 1 1 1 1 1 1 1 1 1 1 1 
1 1 1 1 1 1 1 1 1 1 1 1 1 1 1 1 1 1 1 1 1 1 1 1 1 1 
1 1 1 1 1 1 1 1 1 1 1 1 1 1 1 1 1 1 1 1 1 1 1 1 1 1 
1 1 1 1 1 1 1 1 1 1 1 1 1 1 1 1 1 1 1 1 1 1 1 1 1 1 
1 1 1 1 1 1 1 1 1 1 1 1 1 1 1 1 1 1 1 1 1 1 1 1 1 1 
1 1 1 1 1 1 1 1 1 1 1 1 1 1 1 1 1 1 1 1 1 1 1 1 1 1 
1 1 1 1 1 1 1 1 1 1 1 1 1 1 1 1 1 1 1 1 1 1 1 1 1 1 
1 1 1 1 1 1 1 1 1 1 1 1 1 1 1 1 1 1 1 1 1 1 1 1 1 1 
1 1 1 1 1 1 1 1 1 1 1 1 1 1 1 1 1 1 1 1 1 1 1 1 1 1 
1 1 1 1 1 1 1 1 1 1 1 1 1 1 1 1 1 1 1 1 1 1 1 1 1 1 
1 1 1 1 1 1 1 1 1 1 1 1 1 1 1 1 1 1 1 1 1 1 1 1 1 1 
1 1 1 1 1 1 1 1 1 1 1 1 1 1 1 1 1 1 1 1 1 1 1 1 1 1 
1 1 1 1 1 1 1 1 1 1 1 1 1 1 1 1 1 1 1 1 1 1 1 1 1 1 
1 1 1 1 1 1 1 1 1 1 1 1 1 1 1 1 1 1 1 1 1 1 1 1 1 1 
1 1 1 1 1 1 1 1 1 1 1 1 1 1 1 1 1 1 1 1 1 1 1 1 1 1 
1 1 1 1 1 1 1 1 1 1 1 1 1 1 1 1 1 1 1 1 1 1 1 1 1 1 
1 1 1 1 1 1 1 1 1 1 1 1 1 1 1 1 1 1 1 1 1 1 1 1 1 1 
1 1 1 1 1 1 1 1 1 1 1 1 1 1 1 1 1 1 1 1 1 1 1 1 1 1 
1 1 1 1 1 1 1 1 1 1 1 1 1 1 1 1 1 1 1 1 1 1 1 1 1 1 
1 1 1 1 1 1 1 1 1 1 1 1 1 1 1 1 1 1 1 1 1 1 1 1 1 1 
1 1 1 1 1 1 1 1 1 1 1 1 1 1 1 1 1 1 1 1 1 1 1 1 1 1 
1 1 1 1 1 1 1 1 1 1 1 1 1 1 1 1 1 1 1 1 1 1 1 1 1 1 
1 1 1 1 1 1 1 1 1 1 1 1 1 1 1 1 1 1 1 1 1 1 1 1 1 1 
1 1 1 1 1 1 1 1 1 1 1 1 1 1 1 1 1 1 1 1 1 1 1 1 1 1 
1 1 1 1 1 1 1 1 1 1 1 1 1 1 1 1 1 1 1 1 1 1 1 1 1 1 
1 1 1 1 1 1 1 1 1 1 1 1 1 1 1 1 1 1 1 1 1 1 1 1 1 1 
1 1 1 1 1 1 1 1 1 1 1 1 1 1 1 1 1 1 1 1 1 1 1 1 1 1 
1 1 1 1 1 1 1 1 1 1 1 1 1 1 1 1 1 1 1 1 1 1 1 1 1 1 
1 1 1 1 1 1 1 1 1 1 1 1 1 1 1 1 1 1 1 1 1 1 1 1 1 1 
1 1 1 1 1 1 1 1 1 1 1 1 1 1 1 1 1 1 1 1 1 1 1 1 1 1 
1 1 1 1 1 1 1 1 1 1 1 1 1 1 1 1 1 1 1 1 1 1 1 1 1 1 
1 1 1 1 1 1 1 1 1 1 1 1 1 1 1 1 1 1 1 1 1 1 1 1 1 1 
1 1 1 1 1 1 1 1 1 1 1 1 1 1 1 1 1 1 1 1 1 1 1 1 1 1 
1 1 1 1 1 1 1 1 1 1 1 1 1 1 1 1 1 1 1 1 1 1 1 1 1 1 
1 1 1 1 1 1 1 1 1 1 1 1 1 1 1 1 1 1 1 1 1 1 1 1 1 1 

29 
14 

2 
2 
3 
2 
2 
2 
2 
1 
2 
3 
2 
2 
2 
2 

66 

93 93 88 88 62 62 62 60 60 83 83 68 68 62 62 60 78 78 60 60 60 100 100 62 62 71 71 78 78 
93 93 88 88 62 62 62 60 60 83 83 68 68 62 62 60 78 78 60 60 60 100 100 62 62 71 71 78 78 
93 93 88 88 62 62 62 60 60 83 83 68 68 62 62 60 78 78 60 60 60 100 100 62 62 71 71 78 78 
93 93 88 88 62 62 62 60 60 83 83 68 68 62 62 60 78 78 60 60 60 100 100 62 62 71 71 78 78 
93 93 88 88 62 62 62 60 60 83 83 68 68 62 62 60 78 78 60 60 60 100 100 62 62 71 71 78 78 
93 93 88 88 62 62 62 60 60 83 83 68 68 62 62 60 78 78 60 60 60 100 100 62 62 71 71 78 78 
11 11 10 10 7 7 7 7 7 10 10 8 8 7 7 7 9 9 7 7 7 12 12 7 7 8 8 9 9 
93 93 88 88 62 62 62 60 60 83 83 68 68 62 62 60 78 78 60 60 60 100 100 62 62 71 71 78 78 
93 93 88 88 62 62 62 60 60 83 83 68 68 62 62 60 78 78 60 60 60 100 100 62 62 71 71 78 78 
93 93 88 88 62 62 62 60 60 83 83 68 68 62 62 60 78 78 60 60 60 100 100 62 62 71 71 78 78 
93 93 88 88 62 62 62 60 60 83 83 68 68 62 62 60 78 78 60 60 60 100 100 62 62 71 71 78 78 
93 93 88 88 62 62 62 60 60 83 83 68 68 62 62 60 78 78 60 60 60 100 100 62 62 71 71 78 78 
26 26 24 24 17 17 17 16 16 23 23 19 19 17 17 16 22 22 16 16 16 28 28 17 17 20 20 22 22 
93 93 88 88 62 62 62 60 60 83 83 68 68 62 62 60 78 78 60 60 60 100 100 62 62 71 71 78 78 
93 93 88 88 62 62 62 60 60 83 83 68 68 62 62 60 78 78 60 60 60 100 100 62 62 71 71 78 78 
93 93 88 88 62 62 62 60 60 83 83 68 68 62 62 60 78 78 60 60 60 100 100 62 62 71 71 78 78 
93 93 88 88 62 62 62 60 60 83 83 68 68 62 62 60 78 78 60 60 60 100 100 62 62 71 71 78 78 
67 67 63 63 45 45 45 43 43 60 60 49 49 45 45 43 56 56 43 43 43 72 72 45 45 51 51 56 56 
93 93 88 88 62 62 62 60 60 83 83 68 68 62 62 60 78 78 60 60 60 100 100 62 62 71 71 78 78 
93 93 88 88 62 62 62 60 60 83 83 68 68 62 62 60 78 78 60 60 60 100 100 62 62 71 71 78 78 
93 93 88 88 62 62 62 60 60 83 83 68 68 62 62 60 78 78 60 60 60 100 100 62 62 71 71 78 78 
33 33 31 31 22 22 22 21 21 30 30 24 24 22 22 21 28 28 21 21 21 36 36 22 22 25 25 28 28 
93 93 88 88 62 62 62 60 60 83 83 68 68 62 62 60 78 78 60 60 60 100 100 62 62 71 71 78 78 
93 93 88 88 62 62 62 60 60 83 83 68 68 62 62 60 78 78 60 60 60 100 100 62 62 71 71 78 78 
93 93 88 88 62 62 62 60 60 83 83 68 68 62 62 60 78 78 60 60 60 100 100 62 62 71 71 78 78 
60 60 56 56 40 40 40 38 38 53 53 43 43 40 40 38 50 50 38 38 38 64 64 40 40 45 45 50 50 
93 93 88 88 62 62 62 60 60 83 83 68 68 62 62 60 78 78 60 60 60 100 100 62 62 71 71 78 78 
93 93 88 88 62 62 62 60 60 83 83 68 68 62 62 60 78 78 60 60 60 100 100 62 62 71 71 78 78 
93 93 88 88 62 62 62 60 60 83 83 68 68 62 62 60 78 78 60 60 60 100 100 62 62 71 71 78 78 
63 63 60 60 42 42 42 40 40 56 56 46 46 42 42 40 53 53 40 40 40 68 68 42 42 48 48 53 53 
93 93 88 88 62 62 62 60 60 83 83 68 68 62 62 60 78 78 60 60 60 100 100 62 62 71 71 78 78 
93 93 88 88 62 62 62 60 60 83 83 68 68 62 62 60 78 78 60 60 60 100 100 62 62 71 71 78 78 
93 93 88 88 62 62 62 60 60 83 83 68 68 62 62 60 78 78 60 60 60 100 100 62 62 71 71 78 78 
90 90 84 84 60 60 60 57 57 80 80 65 65 60 60 57 75 75 57 57 57 96 96 60 60 68 68 75 75 
93 93 88 88 62 62 62 60 60 83 83 68 68 62 62 60 78 78 60 60 60 100 100 62 62 71 71 78 78 
93 93 88 88 62 62 62 60 60 83 83 68 68 62 62 60 78 78 60 60 60 100 100 62 62 71 71 78 78 
93 93 88 88 62 62 62 60 60 83 83 68 68 62 62 60 78 78 60 60 60 100 100 62 62 71 71 78 78 
93 93 88 88 62 62 62 60 60 83 83 68 68 62 62 60 78 78 60 60 60 100 100 62 62 71 71 78 78 
86 86 81 81 57 57 57 55 55 76 76 62 62 57 57 55 72 72 55 55 55 92 92 57 57 65 65 72 72 
93 93 88 88 62 62 62 60 60 83 83 68 68 62 62 60 78 78 60 60 60 100 100 62 62 71 71 78 78 
93 93 88 88 62 62 62 60 60 83 83 68 68 62 62 60 78 78 60 60 60 100 100 62 62 71 71 78 78 
78 78 74 74 52 52 52 50 50 70 70 57 57 52 52 50 66 66 50 50 50 84 84 52 52 60 60 66 66 
93 93 88 88 62 62 62 60 60 83 83 68 68 62 62 60 78 78 60 60 60 100 100 62 62 71 71 78 78 
93 93 88 88 62 62 62 60 60 83 83 68 68 62 62 60 78 78 60 60 60 100 100 62 62 71 71 78 78 
93 93 88 88 62 62 62 60 60 83 83 68 68 62 62 60 78 78 60 60 60 100 100 62 62 71 71 78 78 
93 93 88 88 62 62 62 60 60 83 83 68 68 62 62 60 78 78 60 60 60 100 100 62 62 71 71 78 78 
93 93 88 88 62 62 62 60 60 83 83 68 68 62 62 60 78 78 60 60 60 100 100 62 62 71 71 78 78 
63 63 60 60 42 42 42 40 40 56 56 46 46 42 42 40 53 53 40 40 40 68 68 42 42 48 48 53 53 
93 93 88 88 62 62 62 60 60 83 83 68 68 62 62 60 78 78 60 60 60 100 100 62 62 71 71 78 78 
93 93 88 88 62 62 62 60 60 83 83 68 68 62 62 60 78 78 60 60 60 100 100 62 62 71 71 78 78 
93 93 88 88 62 62 62 60 60 83 83 68 68 62 62 60 78 78 60 60 60 100 100 62 62 71 71 78 78 
75 75 70 70 50 50 50 48 48 66 66 54 54 50 50 48 63 63 48 48 48 80 80 50 50 57 57 63 63 
93 93 88 88 62 62 62 60 60 83 83 68 68 62 62 60 78 78 60 60 60 100 100 62 62 71 71 78 78 
93 93 88 88 62 62 62 60 60 83 83 68 68 62 62 60 78 78 60 60 60 100 100 62 62 71 71 78 78 
93 93 88 88 62 62 62 60 60 83 83 68 68 62 62 60 78 78 60 60 60 100 100 62 62 71 71 78 78 
67 67 63 63 45 45 45 43 43 60 60 49 49 45 45 43 56 56 43 43 43 72 72 45 45 51 51 56 56 
93 93 88 88 62 62 62 60 60 83 83 68 68 62 62 60 78 78 60 60 60 100 100 62 62 71 71 78 78 
93 93 88 88 62 62 62 60 60 83 83 68 68 62 62 60 78 78 60 60 60 100 100 62 62 71 71 78 78 
93 93 88 88 62 62 62 60 60 83 83 68 68 62 62 60 78 78 60 60 60 100 100 62 62 71 71 78 78 
33 33 31 31 22 22 22 21 21 30 30 24 24 22 22 21 28 28 21 21 21 36 36 22 22 25 25 28 28 
93 93 88 88 62 62 62 60 60 83 83 68 68 62 62 60 78 78 60 60 60 100 100 62 62 71 71 78 78 
93 93 88 88 62 62 62 60 60 83 83 68 68 62 62 60 78 78 60 60 60 100 100 62 62 71 71 78 78 
93 93 88 88 62 62 62 60 60 83 83 68 68 62 62 60 78 78 60 60 60 100 100 62 62 71 71 78 78 
93 93 88 88 62 62 62 60 60 83 83 68 68 62 62 60 78 78 60 60 60 100 100 62 62 71 71 78 78 
93 93 88 88 62 62 62 60 60 83 83 68 68 62 62 60 78 78 60 60 60 100 100 62 62 71 71 78 78 
7 7 7 7 5 5 5 4 4 6 6 5 5 5 5 4 6 6 4 4 4 8 8 5 5 5 5 6 6 

34 
34 
42 
42 
33 
33 
33 
26 
26 
35 
35 
31 
31 
34 
34 
37 
39 
39 
45 
45 
45 
26 
26 
37 
37 
30 
30 
43 
43 

1 1 1 1 1 1 1 1 1 1 1 1 1 1 1 1 1 1 1 1 1 1 1 1 1 1 1 1 1 
1 1 1 1 1 1 1 1 1 1 1 1 1 1 1 1 1 1 1 1 1 1 1 1 1 1 1 1 1 
1 1 1 1 1 1 1 1 1 1 1 1 1 1 1 1 1 1 1 1 1 1 1 1 1 1 1 1 1 
1 1 1 1 1 1 1 1 1 1 1 1 1 1 1 1 1 1 1 1 1 1 1 1 1 1 1 1 1 
1 1 1 1 1 1 1 1 1 1 1 1 1 1 1 1 1 1 1 1 1 1 1 1 1 1 1 1 1 
1 1 1 1 1 1 1 1 1 1 1 1 1 1 1 1 1 1 1 1 1 1 1 1 1 1 1 1 1 
1 1 1 1 1 1 1 1 1 1 1 1 1 1 1 1 1 1 1 1 1 1 1 1 1 1 1 1 1 
1 1 1 1 1 1 1 1 1 1 1 1 1 1 1 1 1 1 1 1 1 1 1 1 1 1 1 1 1 
1 1 1 1 1 1 1 1 1 1 1 1 1 1 1 1 1 1 1 1 1 1 1 1 1 1 1 1 1 
1 1 1 1 1 1 1 1 1 1 1 1 1 1 1 1 1 1 1 1 1 1 1 1 1 1 1 1 1 
1 1 1 1 1 1 1 1 1 1 1 1 1 1 1 1 1 1 1 1 1 1 1 1 1 1 1 1 1 
1 1 1 1 1 1 1 1 1 1 1 1 1 1 1 1 1 1 1 1 1 1 1 1 1 1 1 1 1 
1 1 1 1 1 1 1 1 1 1 1 1 1 1 1 1 1 1 1 1 1 1 1 1 1 1 1 1 1 
1 1 1 1 1 1 1 1 1 1 1 1 1 1 1 1 1 1 1 1 1 1 1 1 1 1 1 1 1 
1 1 1 1 1 1 1 1 1 1 1 1 1 1 1 1 1 1 1 1 1 1 1 1 1 1 1 1 1 
1 1 1 1 1 1 1 1 1 1 1 1 1 1 1 1 1 1 1 1 1 1 1 1 1 1 1 1 1 
1 1 1 1 1 1 1 1 1 1 1 1 1 1 1 1 1 1 1 1 1 1 1 1 1 1 1 1 1 
1 1 1 1 1 1 1 1 1 1 1 1 1 1 1 1 1 1 1 1 1 1 1 1 1 1 1 1 1 
1 1 1 1 1 1 1 1 1 1 1 1 1 1 1 1 1 1 1 1 1 1 1 1 1 1 1 1 1 
1 1 1 1 1 1 1 1 1 1 1 1 1 1 1 1 1 1 1 1 1 1 1 1 1 1 1 1 1 
1 1 1 1 1 1 1 1 1 1 1 1 1 1 1 1 1 1 1 1 1 1 1 1 1 1 1 1 1 
1 1 1 1 1 1 1 1 1 1 1 1 1 1 1 1 1 1 1 1 1 1 1 1 1 1 1 1 1 
1 1 1 1 1 1 1 1 1 1 1 1 1 1 1 1 1 1 1 1 1 1 1 1 1 1 1 1 1 
1 1 1 1 1 1 1 1 1 1 1 1 1 1 1 1 1 1 1 1 1 1 1 1 1 1 1 1 1 
1 1 1 1 1 1 1 1 1 1 1 1 1 1 1 1 1 1 1 1 1 1 1 1 1 1 1 1 1 
1 1 1 1 1 1 1 1 1 1 1 1 1 1 1 1 1 1 1 1 1 1 1 1 1 1 1 1 1 
1 1 1 1 1 1 1 1 1 1 1 1 1 1 1 1 1 1 1 1 1 1 1 1 1 1 1 1 1 
1 1 1 1 1 1 1 1 1 1 1 1 1 1 1 1 1 1 1 1 1 1 1 1 1 1 1 1 1 
1 1 1 1 1 1 1 1 1 1 1 1 1 1 1 1 1 1 1 1 1 1 1 1 1 1 1 1 1 
1 1 1 1 1 1 1 1 1 1 1 1 1 1 1 1 1 1 1 1 1 1 1 1 1 1 1 1 1 
1 1 1 1 1 1 1 1 1 1 1 1 1 1 1 1 1 1 1 1 1 1 1 1 1 1 1 1 1 
1 1 1 1 1 1 1 1 1 1 1 1 1 1 1 1 1 1 1 1 1 1 1 1 1 1 1 1 1 
1 1 1 1 1 1 1 1 1 1 1 1 1 1 1 1 1 1 1 1 1 1 1 1 1 1 1 1 1 
1 1 1 1 1 1 1 1 1 1 1 1 1 1 1 1 1 1 1 1 1 1 1 1 1 1 1 1 1 
1 1 1 1 1 1 1 1 1 1 1 1 1 1 1 1 1 1 1 1 1 1 1 1 1 1 1 1 1 
1 1 1 1 1 1 1 1 1 1 1 1 1 1 1 1 1 1 1 1 1 1 1 1 1 1 1 1 1 
1 1 1 1 1 1 1 1 1 1 1 1 1 1 1 1 1 1 1 1 1 1 1 1 1 1 1 1 1 
1 1 1 1 1 1 1 1 1 1 1 1 1 1 1 1 1 1 1 1 1 1 1 1 1 1 1 1 1 
1 1 1 1 1 1 1 1 1 1 1 1 1 1 1 1 1 1 1 1 1 1 1 1 1 1 1 1 1 
1 1 1 1 1 1 1 1 1 1 1 1 1 1 1 1 1 1 1 1 1 1 1 1 1 1 1 1 1 
1 1 1 1 1 1 1 1 1 1 1 1 1 1 1 1 1 1 1 1 1 1 1 1 1 1 1 1 1 
1 1 1 1 1 1 1 1 1 1 1 1 1 1 1 1 1 1 1 1 1 1 1 1 1 1 1 1 1 
1 1 1 1 1 1 1 1 1 1 1 1 1 1 1 1 1 1 1 1 1 1 1 1 1 1 1 1 1 
1 1 1 1 1 1 1 1 1 1 1 1 1 1 1 1 1 1 1 1 1 1 1 1 1 1 1 1 1 
1 1 1 1 1 1 1 1 1 1 1 1 1 1 1 1 1 1 1 1 1 1 1 1 1 1 1 1 1 
1 1 1 1 1 1 1 1 1 1 1 1 1 1 1 1 1 1 1 1 1 1 1 1 1 1 1 1 1 
1 1 1 1 1 1 1 1 1 1 1 1 1 1 1 1 1 1 1 1 1 1 1 1 1 1 1 1 1 
1 1 1 1 1 1 1 1 1 1 1 1 1 1 1 1 1 1 1 1 1 1 1 1 1 1 1 1 1 
1 1 1 1 1 1 1 1 1 1 1 1 1 1 1 1 1 1 1 1 1 1 1 1 1 1 1 1 1 
1 1 1 1 1 1 1 1 1 1 1 1 1 1 1 1 1 1 1 1 1 1 1 1 1 1 1 1 1 
1 1 1 1 1 1 1 1 1 1 1 1 1 1 1 1 1 1 1 1 1 1 1 1 1 1 1 1 1 
1 1 1 1 1 1 1 1 1 1 1 1 1 1 1 1 1 1 1 1 1 1 1 1 1 1 1 1 1 
1 1 1 1 1 1 1 1 1 1 1 1 1 1 1 1 1 1 1 1 1 1 1 1 1 1 1 1 1 
1 1 1 1 1 1 1 1 1 1 1 1 1 1 1 1 1 1 1 1 1 1 1 1 1 1 1 1 1 
1 1 1 1 1 1 1 1 1 1 1 1 1 1 1 1 1 1 1 1 1 1 1 1 1 1 1 1 1 
1 1 1 1 1 1 1 1 1 1 1 1 1 1 1 1 1 1 1 1 1 1 1 1 1 1 1 1 1 
1 1 1 1 1 1 1 1 1 1 1 1 1 1 1 1 1 1 1 1 1 1 1 1 1 1 1 1 1 
1 1 1 1 1 1 1 1 1 1 1 1 1 1 1 1 1 1 1 1 1 1 1 1 1 1 1 1 1 
1 1 1 1 1 1 1 1 1 1 1 1 1 1 1 1 1 1 1 1 1 1 1 1 1 1 1 1 1 
1 1 1 1 1 1 1 1 1 1 1 1 1 1 1 1 1 1 1 1 1 1 1 1 1 1 1 1 1 
1 1 1 1 1 1 1 1 1 1 1 1 1 1 1 1 1 1 1 1 1 1 1 1 1 1 1 1 1 
1 1 1 1 1 1 1 1 1 1 1 1 1 1 1 1 1 1 1 1 1 1 1 1 1 1 1 1 1 
1 1 1 1 1 1 1 1 1 1 1 1 1 1 1 1 1 1 1 1 1 1 1 1 1 1 1 1 1 
1 1 1 1 1 1 1 1 1 1 1 1 1 1 1 1 1 1 1 1 1 1 1 1 1 1 1 1 1 
1 1 1 1 1 1 1 1 1 1 1 1 1 1 1 1 1 1 1 1 1 1 1 1 1 1 1 1 1 
1 1 1 1 1 1 1 1 1 1 1 1 1 1 1 1 1 1 1 1 1 1 1 1 1 1 1 1 1 

14 
0 1 1 1 1 1 1 1 1 1 1 1 1 1 1 1 1 1 1 1 1 1 1 1 1 1 1 1 1 1 1 1 1 1 1 1 1 1 1 1 1 1 1 1 1 1 1 1 1 1 1 1 1 1 1 1 1 1 1 1 1 1 1 1 1 1 1 
0 0 0 0 0 0 0 0 1 1 1 1 1 1 1 1 1 1 1 1 1 1 1 1 1 1 1 1 1 1 1 1 1 1 1 1 1 1 1 1 1 1 1 1 1 1 1 1 1 1 1 1 1 1 1 1 1 1 1 1 1 1 1 1 1 1 1 
0 0 0 0 0 0 0 0 1 1 1 1 1 1 1 1 1 1 1 1 1 1 1 1 1 1 1 1 1 1 1 1 1 1 1 1 1 1 1 1 1 1 1 1 1 1 1 1 1 1 1 1 1 1 1 1 1 1 1 1 1 1 1 1 1 1 1 
0 0 0 0 0 0 0 0 1 1 1 1 1 1 1 1 1 1 1 1 1 1 1 1 1 1 1 1 1 1 1 1 1 1 1 1 1 1 1 1 1 1 1 1 1 1 1 1 1 1 1 1 1 1 1 1 1 1 1 1 1 1 1 1 1 1 1 
0 0 0 0 0 0 0 0 1 1 1 1 1 1 1 1 1 1 1 1 1 1 1 1 1 1 1 1 1 1 1 1 1 1 1 1 1 1 1 1 1 1 1 1 1 1 1 1 1 1 1 1 1 1 1 1 1 1 1 1 1 1 1 1 1 1 1 
0 0 0 0 0 0 0 0 1 1 1 1 1 1 1 1 1 1 1 1 1 1 1 1 1 1 1 1 1 1 1 1 1 1 1 1 1 1 1 1 1 1 1 1 1 1 1 1 1 1 1 1 1 1 1 1 1 1 1 1 1 1 1 1 1 1 1 
0 0 0 0 0 0 0 0 1 1 1 1 1 1 1 1 1 1 1 1 1 1 1 1 1 1 1 1 1 1 1 1 1 1 1 1 1 1 1 1 1 1 1 1 1 1 1 1 1 1 1 1 1 1 1 1 1 1 1 1 1 1 1 1 1 1 1 
0 0 0 0 0 0 0 0 1 1 1 1 1 1 1 1 1 1 1 1 1 1 1 1 1 1 1 1 1 1 1 1 1 1 1 1 1 1 1 1 1 1 1 1 1 1 1 1 1 1 1 1 1 1 1 1 1 1 1 1 1 1 1 1 1 1 1 
0 1 1 1 1 1 1 1 0 0 0 0 0 0 1 1 1 1 1 1 1 1 1 1 1 1 1 1 1 1 1 1 1 1 1 1 1 1 1 1 1 1 1 1 1 1 1 1 1 1 1 1 1 1 1 1 1 1 1 1 1 1 1 1 1 1 1 
0 1 1 1 1 1 1 1 0 0 0 0 0 0 1 1 1 1 1 1 1 1 1 1 1 1 1 1 1 1 1 1 1 1 1 1 1 1 1 1 1 1 1 1 1 1 1 1 1 1 1 1 1 1 1 1 1 1 1 1 1 1 1 1 1 1 1 
0 1 1 1 1 1 1 1 0 0 0 0 0 0 1 1 1 1 1 1 1 1 1 1 1 1 1 1 1 1 1 1 1 1 1 1 1 1 1 1 1 1 1 1 1 1 1 1 1 1 1 1 1 1 1 1 1 1 1 1 1 1 1 1 1 1 1 
0 1 1 1 1 1 1 1 0 0 0 0 0 0 1 1 1 1 1 1 1 1 1 1 1 1 1 1 1 1 1 1 1 1 1 1 1 1 1 1 1 1 1 1 1 1 1 1 1 1 1 1 1 1 1 1 1 1 1 1 1 1 1 1 1 1 1 
0 1 1 1 1 1 1 1 0 0 0 0 0 0 1 1 1 1 1 1 1 1 1 1 1 1 1 1 1 1 1 1 1 1 1 1 1 1 1 1 1 1 1 1 1 1 1 1 1 1 1 1 1 1 1 1 1 1 1 1 1 1 1 1 1 1 1 
0 1 1 1 1 1 1 1 0 0 0 0 0 0 1 1 1 1 1 1 1 1 1 1 1 1 1 1 1 1 1 1 1 1 1 1 1 1 1 1 1 1 1 1 1 1 1 1 1 1 1 1 1 1 1 1 1 1 1 1 1 1 1 1 1 1 1 
0 1 1 1 1 1 1 1 1 1 1 1 1 1 0 0 0 0 0 1 1 1 1 1 1 1 1 1 1 1 1 1 1 1 1 1 1 1 1 1 1 1 1 1 1 1 1 1 1 1 1 1 1 1 1 1 1 1 1 1 1 1 1 1 1 1 1 
0 1 1 1 1 1 1 1 1 1 1 1 1 1 0 0 0 0 0 1 1 1 1 1 1 1 1 1 1 1 1 1 1 1 1 1 1 1 1 1 1 1 1 1 1 1 1 1 1 1 1 1 1 1 1 1 1 1 1 1 1 1 1 1 1 1 1 
0 1 1 1 1 1 1 1 1 1 1 1 1 1 0 0 0 0 0 1 1 1 1 1 1 1 1 1 1 1 1 1 1 1 1 1 1 1 1 1 1 1 1 1 1 1 1 1 1 1 1 1 1 1 1 1 1 1 1 1 1 1 1 1 1 1 1 
0 1 1 1 1 1 1 1 1 1 1 1 1 1 0 0 0 0 0 1 1 1 1 1 1 1 1 1 1 1 1 1 1 1 1 1 1 1 1 1 1 1 1 1 1 1 1 1 1 1 1 1 1 1 1 1 1 1 1 1 1 1 1 1 1 1 1 
0 1 1 1 1 1 1 1 1 1 1 1 1 1 0 0 0 0 0 1 1 1 1 1 1 1 1 1 1 1 1 1 1 1 1 1 1 1 1 1 1 1 1 1 1 1 1 1 1 1 1 1 1 1 1 1 1 1 1 1 1 1 1 1 1 1 1 
0 1 1 1 1 1 1 1 1 1 1 1 1 1 1 1 1 1 1 0 0 0 0 1 1 1 1 1 1 1 1 1 1 1 1 1 1 1 1 1 1 1 1 1 1 1 1 1 1 1 1 1 1 1 1 1 1 1 1 1 1 1 1 1 1 1 1 
0 1 1 1 1 1 1 1 1 1 1 1 1 1 1 1 1 1 1 0 0 0 0 1 1 1 1 1 1 1 1 1 1 1 1 1 1 1 1 1 1 1 1 1 1 1 1 1 1 1 1 1 1 1 1 1 1 1 1 1 1 1 1 1 1 1 1 
0 1 1 1 1 1 1 1 1 1 1 1 1 1 1 1 1 1 1 0 0 0 0 1 1 1 1 1 1 1 1 1 1 1 1 1 1 1 1 1 1 1 1 1 1 1 1 1 1 1 1 1 1 1 1 1 1 1 1 1 1 1 1 1 1 1 1 
0 1 1 1 1 1 1 1 1 1 1 1 1 1 1 1 1 1 1 0 0 0 0 1 1 1 1 1 1 1 1 1 1 1 1 1 1 1 1 1 1 1 1 1 1 1 1 1 1 1 1 1 1 1 1 1 1 1 1 1 1 1 1 1 1 1 1 
0 1 1 1 1 1 1 1 1 1 1 1 1 1 1 1 1 1 1 1 1 1 1 0 0 0 0 1 1 1 1 1 1 1 1 1 1 1 1 1 1 1 1 1 1 1 1 1 1 1 1 1 1 1 1 1 1 1 1 1 1 1 1 1 1 1 1 
0 1 1 1 1 1 1 1 1 1 1 1 1 1 1 1 1 1 1 1 1 1 1 0 0 0 0 1 1 1 1 1 1 1 1 1 1 1 1 1 1 1 1 1 1 1 1 1 1 1 1 1 1 1 1 1 1 1 1 1 1 1 1 1 1 1 1 
0 1 1 1 1 1 1 1 1 1 1 1 1 1 1 1 1 1 1 1 1 1 1 0 0 0 0 1 1 1 1 1 1 1 1 1 1 1 1 1 1 1 1 1 1 1 1 1 1 1 1 1 1 1 1 1 1 1 1 1 1 1 1 1 1 1 1 
0 1 1 1 1 1 1 1 1 1 1 1 1 1 1 1 1 1 1 1 1 1 1 0 0 0 0 1 1 1 1 1 1 1 1 1 1 1 1 1 1 1 1 1 1 1 1 1 1 1 1 1 1 1 1 1 1 1 1 1 1 1 1 1 1 1 1 
0 1 1 1 1 1 1 1 1 1 1 1 1 1 1 1 1 1 1 1 1 1 1 1 1 1 1 0 0 0 0 1 1 1 1 1 1 1 1 1 1 1 1 1 1 1 1 1 1 1 1 1 1 1 1 1 1 1 1 1 1 1 1 1 1 1 1 
0 1 1 1 1 1 1 1 1 1 1 1 1 1 1 1 1 1 1 1 1 1 1 1 1 1 1 0 0 0 0 1 1 1 1 1 1 1 1 1 1 1 1 1 1 1 1 1 1 1 1 1 1 1 1 1 1 1 1 1 1 1 1 1 1 1 1 
0 1 1 1 1 1 1 1 1 1 1 1 1 1 1 1 1 1 1 1 1 1 1 1 1 1 1 0 0 0 0 1 1 1 1 1 1 1 1 1 1 1 1 1 1 1 1 1 1 1 1 1 1 1 1 1 1 1 1 1 1 1 1 1 1 1 1 
0 1 1 1 1 1 1 1 1 1 1 1 1 1 1 1 1 1 1 1 1 1 1 1 1 1 1 0 0 0 0 1 1 1 1 1 1 1 1 1 1 1 1 1 1 1 1 1 1 1 1 1 1 1 1 1 1 1 1 1 1 1 1 1 1 1 1 
0 1 1 1 1 1 1 1 1 1 1 1 1 1 1 1 1 1 1 1 1 1 1 1 1 1 1 1 1 1 1 0 0 0 0 1 1 1 1 1 1 1 1 1 1 1 1 1 1 1 1 1 1 1 1 1 1 1 1 1 1 1 1 1 1 1 1 
0 1 1 1 1 1 1 1 1 1 1 1 1 1 1 1 1 1 1 1 1 1 1 1 1 1 1 1 1 1 1 0 0 0 0 1 1 1 1 1 1 1 1 1 1 1 1 1 1 1 1 1 1 1 1 1 1 1 1 1 1 1 1 1 1 1 1 
0 1 1 1 1 1 1 1 1 1 1 1 1 1 1 1 1 1 1 1 1 1 1 1 1 1 1 1 1 1 1 0 0 0 0 1 1 1 1 1 1 1 1 1 1 1 1 1 1 1 1 1 1 1 1 1 1 1 1 1 1 1 1 1 1 1 1 
0 1 1 1 1 1 1 1 1 1 1 1 1 1 1 1 1 1 1 1 1 1 1 1 1 1 1 1 1 1 1 0 0 0 0 1 1 1 1 1 1 1 1 1 1 1 1 1 1 1 1 1 1 1 1 1 1 1 1 1 1 1 1 1 1 1 1 
0 1 1 1 1 1 1 1 1 1 1 1 1 1 1 1 1 1 1 1 1 1 1 1 1 1 1 1 1 1 1 1 1 1 1 0 0 0 0 0 1 1 1 1 1 1 1 1 1 1 1 1 1 1 1 1 1 1 1 1 1 1 1 1 1 1 1 
0 1 1 1 1 1 1 1 1 1 1 1 1 1 1 1 1 1 1 1 1 1 1 1 1 1 1 1 1 1 1 1 1 1 1 0 0 0 0 0 1 1 1 1 1 1 1 1 1 1 1 1 1 1 1 1 1 1 1 1 1 1 1 1 1 1 1 
0 1 1 1 1 1 1 1 1 1 1 1 1 1 1 1 1 1 1 1 1 1 1 1 1 1 1 1 1 1 1 1 1 1 1 0 0 0 0 0 1 1 1 1 1 1 1 1 1 1 1 1 1 1 1 1 1 1 1 1 1 1 1 1 1 1 1 
0 1 1 1 1 1 1 1 1 1 1 1 1 1 1 1 1 1 1 1 1 1 1 1 1 1 1 1 1 1 1 1 1 1 1 0 0 0 0 0 1 1 1 1 1 1 1 1 1 1 1 1 1 1 1 1 1 1 1 1 1 1 1 1 1 1 1 
0 1 1 1 1 1 1 1 1 1 1 1 1 1 1 1 1 1 1 1 1 1 1 1 1 1 1 1 1 1 1 1 1 1 1 0 0 0 0 0 1 1 1 1 1 1 1 1 1 1 1 1 1 1 1 1 1 1 1 1 1 1 1 1 1 1 1 
0 1 1 1 1 1 1 1 1 1 1 1 1 1 1 1 1 1 1 1 1 1 1 1 1 1 1 1 1 1 1 1 1 1 1 1 1 1 1 1 0 0 0 1 1 1 1 1 1 1 1 1 1 1 1 1 1 1 1 1 1 1 1 1 1 1 1 
0 1 1 1 1 1 1 1 1 1 1 1 1 1 1 1 1 1 1 1 1 1 1 1 1 1 1 1 1 1 1 1 1 1 1 1 1 1 1 1 0 0 0 1 1 1 1 1 1 1 1 1 1 1 1 1 1 1 1 1 1 1 1 1 1 1 1 
0 1 1 1 1 1 1 1 1 1 1 1 1 1 1 1 1 1 1 1 1 1 1 1 1 1 1 1 1 1 1 1 1 1 1 1 1 1 1 1 0 0 0 1 1 1 1 1 1 1 1 1 1 1 1 1 1 1 1 1 1 1 1 1 1 1 1 
0 1 1 1 1 1 1 1 1 1 1 1 1 1 1 1 1 1 1 1 1 1 1 1 1 1 1 1 1 1 1 1 1 1 1 1 1 1 1 1 1 1 1 0 0 0 0 0 0 1 1 1 1 1 1 1 1 1 1 1 1 1 1 1 1 1 1 
0 1 1 1 1 1 1 1 1 1 1 1 1 1 1 1 1 1 1 1 1 1 1 1 1 1 1 1 1 1 1 1 1 1 1 1 1 1 1 1 1 1 1 0 0 0 0 0 0 1 1 1 1 1 1 1 1 1 1 1 1 1 1 1 1 1 1 
0 1 1 1 1 1 1 1 1 1 1 1 1 1 1 1 1 1 1 1 1 1 1 1 1 1 1 1 1 1 1 1 1 1 1 1 1 1 1 1 1 1 1 0 0 0 0 0 0 1 1 1 1 1 1 1 1 1 1 1 1 1 1 1 1 1 1 
0 1 1 1 1 1 1 1 1 1 1 1 1 1 1 1 1 1 1 1 1 1 1 1 1 1 1 1 1 1 1 1 1 1 1 1 1 1 1 1 1 1 1 0 0 0 0 0 0 1 1 1 1 1 1 1 1 1 1 1 1 1 1 1 1 1 1 
0 1 1 1 1 1 1 1 1 1 1 1 1 1 1 1 1 1 1 1 1 1 1 1 1 1 1 1 1 1 1 1 1 1 1 1 1 1 1 1 1 1 1 0 0 0 0 0 0 1 1 1 1 1 1 1 1 1 1 1 1 1 1 1 1 1 1 
0 1 1 1 1 1 1 1 1 1 1 1 1 1 1 1 1 1 1 1 1 1 1 1 1 1 1 1 1 1 1 1 1 1 1 1 1 1 1 1 1 1 1 0 0 0 0 0 0 1 1 1 1 1 1 1 1 1 1 1 1 1 1 1 1 1 1 
0 1 1 1 1 1 1 1 1 1 1 1 1 1 1 1 1 1 1 1 1 1 1 1 1 1 1 1 1 1 1 1 1 1 1 1 1 1 1 1 1 1 1 1 1 1 1 1 1 0 0 0 0 1 1 1 1 1 1 1 1 1 1 1 1 1 1 
0 1 1 1 1 1 1 1 1 1 1 1 1 1 1 1 1 1 1 1 1 1 1 1 1 1 1 1 1 1 1 1 1 1 1 1 1 1 1 1 1 1 1 1 1 1 1 1 1 0 0 0 0 1 1 1 1 1 1 1 1 1 1 1 1 1 1 
0 1 1 1 1 1 1 1 1 1 1 1 1 1 1 1 1 1 1 1 1 1 1 1 1 1 1 1 1 1 1 1 1 1 1 1 1 1 1 1 1 1 1 1 1 1 1 1 1 0 0 0 0 1 1 1 1 1 1 1 1 1 1 1 1 1 1 
0 1 1 1 1 1 1 1 1 1 1 1 1 1 1 1 1 1 1 1 1 1 1 1 1 1 1 1 1 1 1 1 1 1 1 1 1 1 1 1 1 1 1 1 1 1 1 1 1 0 0 0 0 1 1 1 1 1 1 1 1 1 1 1 1 1 1 
0 1 1 1 1 1 1 1 1 1 1 1 1 1 1 1 1 1 1 1 1 1 1 1 1 1 1 1 1 1 1 1 1 1 1 1 1 1 1 1 1 1 1 1 1 1 1 1 1 1 1 1 1 0 0 0 0 1 1 1 1 1 1 1 1 1 1 
0 1 1 1 1 1 1 1 1 1 1 1 1 1 1 1 1 1 1 1 1 1 1 1 1 1 1 1 1 1 1 1 1 1 1 1 1 1 1 1 1 1 1 1 1 1 1 1 1 1 1 1 1 0 0 0 0 1 1 1 1 1 1 1 1 1 1 
0 1 1 1 1 1 1 1 1 1 1 1 1 1 1 1 1 1 1 1 1 1 1 1 1 1 1 1 1 1 1 1 1 1 1 1 1 1 1 1 1 1 1 1 1 1 1 1 1 1 1 1 1 0 0 0 0 1 1 1 1 1 1 1 1 1 1 
0 1 1 1 1 1 1 1 1 1 1 1 1 1 1 1 1 1 1 1 1 1 1 1 1 1 1 1 1 1 1 1 1 1 1 1 1 1 1 1 1 1 1 1 1 1 1 1 1 1 1 1 1 0 0 0 0 1 1 1 1 1 1 1 1 1 1 
0 1 1 1 1 1 1 1 1 1 1 1 1 1 1 1 1 1 1 1 1 1 1 1 1 1 1 1 1 1 1 1 1 1 1 1 1 1 1 1 1 1 1 1 1 1 1 1 1 1 1 1 1 1 1 1 1 0 0 0 0 1 1 1 1 1 1 
0 1 1 1 1 1 1 1 1 1 1 1 1 1 1 1 1 1 1 1 1 1 1 1 1 1 1 1 1 1 1 1 1 1 1 1 1 1 1 1 1 1 1 1 1 1 1 1 1 1 1 1 1 1 1 1 1 0 0 0 0 1 1 1 1 1 1 
0 1 1 1 1 1 1 1 1 1 1 1 1 1 1 1 1 1 1 1 1 1 1 1 1 1 1 1 1 1 1 1 1 1 1 1 1 1 1 1 1 1 1 1 1 1 1 1 1 1 1 1 1 1 1 1 1 0 0 0 0 1 1 1 1 1 1 
0 1 1 1 1 1 1 1 1 1 1 1 1 1 1 1 1 1 1 1 1 1 1 1 1 1 1 1 1 1 1 1 1 1 1 1 1 1 1 1 1 1 1 1 1 1 1 1 1 1 1 1 1 1 1 1 1 0 0 0 0 1 1 1 1 1 1 
0 1 1 1 1 1 1 1 1 1 1 1 1 1 1 1 1 1 1 1 1 1 1 1 1 1 1 1 1 1 1 1 1 1 1 1 1 1 1 1 1 1 1 1 1 1 1 1 1 1 1 1 1 1 1 1 1 1 1 1 1 0 0 0 0 0 0 
0 1 1 1 1 1 1 1 1 1 1 1 1 1 1 1 1 1 1 1 1 1 1 1 1 1 1 1 1 1 1 1 1 1 1 1 1 1 1 1 1 1 1 1 1 1 1 1 1 1 1 1 1 1 1 1 1 1 1 1 1 0 0 0 0 0 0 
0 1 1 1 1 1 1 1 1 1 1 1 1 1 1 1 1 1 1 1 1 1 1 1 1 1 1 1 1 1 1 1 1 1 1 1 1 1 1 1 1 1 1 1 1 1 1 1 1 1 1 1 1 1 1 1 1 1 1 1 1 0 0 0 0 0 0 
0 1 1 1 1 1 1 1 1 1 1 1 1 1 1 1 1 1 1 1 1 1 1 1 1 1 1 1 1 1 1 1 1 1 1 1 1 1 1 1 1 1 1 1 1 1 1 1 1 1 1 1 1 1 1 1 1 1 1 1 1 0 0 0 0 0 0 
0 1 1 1 1 1 1 1 1 1 1 1 1 1 1 1 1 1 1 1 1 1 1 1 1 1 1 1 1 1 1 1 1 1 1 1 1 1 1 1 1 1 1 1 1 1 1 1 1 1 1 1 1 1 1 1 1 1 1 1 1 0 0 0 0 0 0 
0 1 1 1 1 1 1 1 1 1 1 1 1 1 1 1 1 1 1 1 1 1 1 1 1 1 1 1 1 1 1 1 1 1 1 1 1 1 1 1 1 1 1 1 1 1 1 1 1 1 1 1 1 1 1 1 1 1 1 1 1 0 0 0 0 0 0 

0 1 1 1 1 1 1 1 1 1 1 1 1 1 1 1 1 1 1 1 1 1 1 1 1 1 1 1 1 1 1 1 1 1 1 1 1 1 1 1 1 1 1 1 1 1 1 1 1 1 1 1 1 1 1 1 1 1 1 1 1 1 1 1 1 1 1 
0 0 0 0 0 0 0 0 1 1 1 1 1 1 1 1 1 1 1 1 1 1 1 1 1 1 1 1 1 1 1 1 1 1 1 1 1 1 1 1 1 1 1 1 1 1 1 1 1 1 1 1 1 1 1 1 1 1 1 1 1 1 1 1 1 1 1 
0 0 0 0 0 0 0 0 1 1 1 1 1 1 1 1 1 1 1 1 1 1 1 1 1 1 1 1 1 1 1 1 1 1 1 1 1 1 1 1 1 1 1 1 1 1 1 1 1 1 1 1 1 1 1 1 1 1 1 1 1 1 1 1 1 1 1 
0 0 0 0 0 0 0 0 1 1 1 1 1 1 1 1 1 1 1 1 1 1 1 1 1 1 1 1 1 1 1 1 1 1 1 1 1 1 1 1 1 1 1 1 1 1 1 1 1 1 1 1 1 1 1 1 1 1 1 1 1 1 1 1 1 1 1 
0 0 0 0 0 0 0 0 1 1 1 1 1 1 1 1 1 1 1 1 1 1 1 1 1 1 1 1 1 1 1 1 1 1 1 1 1 1 1 1 1 1 1 1 1 1 1 1 1 1 1 1 1 1 1 1 1 1 1 1 1 1 1 1 1 1 1 
0 0 0 0 0 0 0 0 1 1 1 1 1 1 1 1 1 1 1 1 1 1 1 1 1 1 1 1 1 1 1 1 1 1 1 1 1 1 1 1 1 1 1 1 1 1 1 1 1 1 1 1 1 1 1 1 1 1 1 1 1 1 1 1 1 1 1 
0 0 0 0 0 0 0 0 1 1 1 1 1 1 1 1 1 1 1 1 1 1 1 1 1 1 1 1 1 1 1 1 1 1 1 1 1 1 1 1 1 1 1 1 1 1 1 1 1 1 1 1 1 1 1 1 1 1 1 1 1 1 1 1 1 1 1 
0 0 0 0 0 0 0 0 1 1 1 1 1 1 1 1 1 1 1 1 1 1 1 1 1 1 1 1 1 1 1 1 1 1 1 1 1 1 1 1 1 1 1 1 1 1 1 1 1 1 1 1 1 1 1 1 1 1 1 1 1 1 1 1 1 1 1 
0 1 1 1 1 1 1 1 0 0 0 0 0 0 1 1 1 1 1 1 1 1 1 1 1 1 1 1 1 1 1 1 1 1 1 1 1 1 1 1 1 1 1 1 1 1 1 1 1 1 1 1 1 1 1 1 1 1 1 1 1 1 1 1 1 1 1 
0 1 1 1 1 1 1 1 0 0 0 0 0 0 1 1 1 1 1 1 1 1 1 1 1 1 1 1 1 1 1 1 1 1 1 1 1 1 1 1 1 1 1 1 1 1 1 1 1 1 1 1 1 1 1 1 1 1 1 1 1 1 1 1 1 1 1 
0 1 1 1 1 1 1 1 0 0 0 0 0 0 1 1 1 1 1 1 1 1 1 1 1 1 1 1 1 1 1 1 1 1 1 1 1 1 1 1 1 1 1 1 1 1 1 1 1 1 1 1 1 1 1 1 1 1 1 1 1 1 1 1 1 1 1 
0 1 1 1 1 1 1 1 0 0 0 0 0 0 1 1 1 1 1 1 1 1 1 1 1 1 1 1 1 1 1 1 1 1 1 1 1 1 1 1 1 1 1 1 1 1 1 1 1 1 1 1 1 1 1 1 1 1 1 1 1 1 1 1 1 1 1 
0 1 1 1 1 1 1 1 0 0 0 0 0 0 1 1 1 1 1 1 1 1 1 1 1 1 1 1 1 1 1 1 1 1 1 1 1 1 1 1 1 1 1 1 1 1 1 1 1 1 1 1 1 1 1 1 1 1 1 1 1 1 1 1 1 1 1 
0 1 1 1 1 1 1 1 0 0 0 0 0 0 1 1 1 1 1 1 1 1 1 1 1 1 1 1 1 1 1 1 1 1 1 1 1 1 1 1 1 1 1 1 1 1 1 1 1 1 1 1 1 1 1 1 1 1 1 1 1 1 1 1 1 1 1 
0 1 1 1 1 1 1 1 1 1 1 1 1 1 0 0 0 0 0 1 1 1 1 1 1 1 1 1 1 1 1 1 1 1 1 1 1 1 1 1 1 1 1 1 1 1 1 1 1 1 1 1 1 1 1 1 1 1 1 1 1 1 1 1 1 1 1 
0 1 1 1 1 1 1 1 1 1 1 1 1 1 0 0 0 0 0 1 1 1 1 1 1 1 1 1 1 1 1 1 1 1 1 1 1 1 1 1 1 1 1 1 1 1 1 1 1 1 1 1 1 1 1 1 1 1 1 1 1 1 1 1 1 1 1 
0 1 1 1 1 1 1 1 1 1 1 1 1 1 0 0 0 0 0 1 1 1 1 1 1 1 1 1 1 1 1 1 1 1 1 1 1 1 1 1 1 1 1 1 1 1 1 1 1 1 1 1 1 1 1 1 1 1 1 1 1 1 1 1 1 1 1 
0 1 1 1 1 1 1 1 1 1 1 1 1 1 0 0 0 0 0 1 1 1 1 1 1 1 1 1 1 1 1 1 1 1 1 1 1 1 1 1 1 1 1 1 1 1 1 1 1 1 1 1 1 1 1 1 1 1 1 1 1 1 1 1 1 1 1 
0 1 1 1 1 1 1 1 1 1 1 1 1 1 0 0 0 0 0 1 1 1 1 1 1 1 1 1 1 1 1 1 1 1 1 1 1 1 1 1 1 1 1 1 1 1 1 1 1 1 1 1 1 1 1 1 1 1 1 1 1 1 1 1 1 1 1 
0 1 1 1 1 1 1 1 1 1 1 1 1 1 1 1 1 1 1 0 0 0 0 1 1 1 1 1 1 1 1 1 1 1 1 1 1 1 1 1 1 1 1 1 1 1 1 1 1 1 1 1 1 1 1 1 1 1 1 1 1 1 1 1 1 1 1 
0 1 1 1 1 1 1 1 1 1 1 1 1 1 1 1 1 1 1 0 0 0 0 1 1 1 1 1 1 1 1 1 1 1 1 1 1 1 1 1 1 1 1 1 1 1 1 1 1 1 1 1 1 1 1 1 1 1 1 1 1 1 1 1 1 1 1 
0 1 1 1 1 1 1 1 1 1 1 1 1 1 1 1 1 1 1 0 0 0 0 1 1 1 1 1 1 1 1 1 1 1 1 1 1 1 1 1 1 1 1 1 1 1 1 1 1 1 1 1 1 1 1 1 1 1 1 1 1 1 1 1 1 1 1 
0 1 1 1 1 1 1 1 1 1 1 1 1 1 1 1 1 1 1 0 0 0 0 1 1 1 1 1 1 1 1 1 1 1 1 1 1 1 1 1 1 1 1 1 1 1 1 1 1 1 1 1 1 1 1 1 1 1 1 1 1 1 1 1 1 1 1 
0 1 1 1 1 1 1 1 1 1 1 1 1 1 1 1 1 1 1 1 1 1 1 0 0 0 0 1 1 1 1 1 1 1 1 1 1 1 1 1 1 1 1 1 1 1 1 1 1 1 1 1 1 1 1 1 1 1 1 1 1 1 1 1 1 1 1 
0 1 1 1 1 1 1 1 1 1 1 1 1 1 1 1 1 1 1 1 1 1 1 0 0 0 0 1 1 1 1 1 1 1 1 1 1 1 1 1 1 1 1 1 1 1 1 1 1 1 1 1 1 1 1 1 1 1 1 1 1 1 1 1 1 1 1 
0 1 1 1 1 1 1 1 1 1 1 1 1 1 1 1 1 1 1 1 1 1 1 0 0 0 0 1 1 1 1 1 1 1 1 1 1 1 1 1 1 1 1 1 1 1 1 1 1 1 1 1 1 1 1 1 1 1 1 1 1 1 1 1 1 1 1 
0 1 1 1 1 1 1 1 1 1 1 1 1 1 1 1 1 1 1 1 1 1 1 0 0 0 0 1 1 1 1 1 1 1 1 1 1 1 1 1 1 1 1 1 1 1 1 1 1 1 1 1 1 1 1 1 1 1 1 1 1 1 1 1 1 1 1 
0 1 1 1 1 1 1 1 1 1 1 1 1 1 1 1 1 1 1 1 1 1 1 1 1 1 1 0 0 0 0 1 1 1 1 1 1 1 1 1 1 1 1 1 1 1 1 1 1 1 1 1 1 1 1 1 1 1 1 1 1 1 1 1 1 1 1 
0 1 1 1 1 1 1 1 1 1 1 1 1 1 1 1 1 1 1 1 1 1 1 1 1 1 1 0 0 0 0 1 1 1 1 1 1 1 1 1 1 1 1 1 1 1 1 1 1 1 1 1 1 1 1 1 1 1 1 1 1 1 1 1 1 1 1 
0 1 1 1 1 1 1 1 1 1 1 1 1 1 1 1 1 1 1 1 1 1 1 1 1 1 1 0 0 0 0 1 1 1 1 1 1 1 1 1 1 1 1 1 1 1 1 1 1 1 1 1 1 1 1 1 1 1 1 1 1 1 1 1 1 1 1 
0 1 1 1 1 1 1 1 1 1 1 1 1 1 1 1 1 1 1 1 1 1 1 1 1 1 1 0 0 0 0 1 1 1 1 1 1 1 1 1 1 1 1 1 1 1 1 1 1 1 1 1 1 1 1 1 1 1 1 1 1 1 1 1 1 1 1 
0 1 1 1 1 1 1 1 1 1 1 1 1 1 1 1 1 1 1 1 1 1 1 1 1 1 1 1 1 1 1 0 0 0 0 1 1 1 1 1 1 1 1 1 1 1 1 1 1 1 1 1 1 1 1 1 1 1 1 1 1 1 1 1 1 1 1 
0 1 1 1 1 1 1 1 1 1 1 1 1 1 1 1 1 1 1 1 1 1 1 1 1 1 1 1 1 1 1 0 0 0 0 1 1 1 1 1 1 1 1 1 1 1 1 1 1 1 1 1 1 1 1 1 1 1 1 1 1 1 1 1 1 1 1 
0 1 1 1 1 1 1 1 1 1 1 1 1 1 1 1 1 1 1 1 1 1 1 1 1 1 1 1 1 1 1 0 0 0 0 1 1 1 1 1 1 1 1 1 1 1 1 1 1 1 1 1 1 1 1 1 1 1 1 1 1 1 1 1 1 1 1 
0 1 1 1 1 1 1 1 1 1 1 1 1 1 1 1 1 1 1 1 1 1 1 1 1 1 1 1 1 1 1 0 0 0 0 1 1 1 1 1 1 1 1 1 1 1 1 1 1 1 1 1 1 1 1 1 1 1 1 1 1 1 1 1 1 1 1 
0 1 1 1 1 1 1 1 1 1 1 1 1 1 1 1 1 1 1 1 1 1 1 1 1 1 1 1 1 1 1 1 1 1 1 0 0 0 0 0 1 1 1 1 1 1 1 1 1 1 1 1 1 1 1 1 1 1 1 1 1 1 1 1 1 1 1 
0 1 1 1 1 1 1 1 1 1 1 1 1 1 1 1 1 1 1 1 1 1 1 1 1 1 1 1 1 1 1 1 1 1 1 0 0 0 0 0 1 1 1 1 1 1 1 1 1 1 1 1 1 1 1 1 1 1 1 1 1 1 1 1 1 1 1 
0 1 1 1 1 1 1 1 1 1 1 1 1 1 1 1 1 1 1 1 1 1 1 1 1 1 1 1 1 1 1 1 1 1 1 0 0 0 0 0 1 1 1 1 1 1 1 1 1 1 1 1 1 1 1 1 1 1 1 1 1 1 1 1 1 1 1 
0 1 1 1 1 1 1 1 1 1 1 1 1 1 1 1 1 1 1 1 1 1 1 1 1 1 1 1 1 1 1 1 1 1 1 0 0 0 0 0 1 1 1 1 1 1 1 1 1 1 1 1 1 1 1 1 1 1 1 1 1 1 1 1 1 1 1 
0 1 1 1 1 1 1 1 1 1 1 1 1 1 1 1 1 1 1 1 1 1 1 1 1 1 1 1 1 1 1 1 1 1 1 0 0 0 0 0 1 1 1 1 1 1 1 1 1 1 1 1 1 1 1 1 1 1 1 1 1 1 1 1 1 1 1 
0 1 1 1 1 1 1 1 1 1 1 1 1 1 1 1 1 1 1 1 1 1 1 1 1 1 1 1 1 1 1 1 1 1 1 1 1 1 1 1 0 0 0 1 1 1 1 1 1 1 1 1 1 1 1 1 1 1 1 1 1 1 1 1 1 1 1 
0 1 1 1 1 1 1 1 1 1 1 1 1 1 1 1 1 1 1 1 1 1 1 1 1 1 1 1 1 1 1 1 1 1 1 1 1 1 1 1 0 0 0 1 1 1 1 1 1 1 1 1 1 1 1 1 1 1 1 1 1 1 1 1 1 1 1 
0 1 1 1 1 1 1 1 1 1 1 1 1 1 1 1 1 1 1 1 1 1 1 1 1 1 1 1 1 1 1 1 1 1 1 1 1 1 1 1 0 0 0 1 1 1 1 1 1 1 1 1 1 1 1 1 1 1 1 1 1 1 1 1 1 1 1 
0 1 1 1 1 1 1 1 1 1 1 1 1 1 1 1 1 1 1 1 1 1 1 1 1 1 1 1 1 1 1 1 1 1 1 1 1 1 1 1 1 1 1 0 0 0 0 0 0 1 1 1 1 1 1 1 1 1 1 1 1 1 1 1 1 1 1 
0 1 1 1 1 1 1 1 1 1 1 1 1 1 1 1 1 1 1 1 1 1 1 1 1 1 1 1 1 1 1 1 1 1 1 1 1 1 1 1 1 1 1 0 0 0 0 0 0 1 1 1 1 1 1 1 1 1 1 1 1 1 1 1 1 1 1 
0 1 1 1 1 1 1 1 1 1 1 1 1 1 1 1 1 1 1 1 1 1 1 1 1 1 1 1 1 1 1 1 1 1 1 1 1 1 1 1 1 1 1 0 0 0 0 0 0 1 1 1 1 1 1 1 1 1 1 1 1 1 1 1 1 1 1 
0 1 1 1 1 1 1 1 1 1 1 1 1 1 1 1 1 1 1 1 1 1 1 1 1 1 1 1 1 1 1 1 1 1 1 1 1 1 1 1 1 1 1 0 0 0 0 0 0 1 1 1 1 1 1 1 1 1 1 1 1 1 1 1 1 1 1 
0 1 1 1 1 1 1 1 1 1 1 1 1 1 1 1 1 1 1 1 1 1 1 1 1 1 1 1 1 1 1 1 1 1 1 1 1 1 1 1 1 1 1 0 0 0 0 0 0 1 1 1 1 1 1 1 1 1 1 1 1 1 1 1 1 1 1 
0 1 1 1 1 1 1 1 1 1 1 1 1 1 1 1 1 1 1 1 1 1 1 1 1 1 1 1 1 1 1 1 1 1 1 1 1 1 1 1 1 1 1 0 0 0 0 0 0 1 1 1 1 1 1 1 1 1 1 1 1 1 1 1 1 1 1 
0 1 1 1 1 1 1 1 1 1 1 1 1 1 1 1 1 1 1 1 1 1 1 1 1 1 1 1 1 1 1 1 1 1 1 1 1 1 1 1 1 1 1 1 1 1 1 1 1 0 0 0 0 1 1 1 1 1 1 1 1 1 1 1 1 1 1 
0 1 1 1 1 1 1 1 1 1 1 1 1 1 1 1 1 1 1 1 1 1 1 1 1 1 1 1 1 1 1 1 1 1 1 1 1 1 1 1 1 1 1 1 1 1 1 1 1 0 0 0 0 1 1 1 1 1 1 1 1 1 1 1 1 1 1 
0 1 1 1 1 1 1 1 1 1 1 1 1 1 1 1 1 1 1 1 1 1 1 1 1 1 1 1 1 1 1 1 1 1 1 1 1 1 1 1 1 1 1 1 1 1 1 1 1 0 0 0 0 1 1 1 1 1 1 1 1 1 1 1 1 1 1 
0 1 1 1 1 1 1 1 1 1 1 1 1 1 1 1 1 1 1 1 1 1 1 1 1 1 1 1 1 1 1 1 1 1 1 1 1 1 1 1 1 1 1 1 1 1 1 1 1 0 0 0 0 1 1 1 1 1 1 1 1 1 1 1 1 1 1 
0 1 1 1 1 1 1 1 1 1 1 1 1 1 1 1 1 1 1 1 1 1 1 1 1 1 1 1 1 1 1 1 1 1 1 1 1 1 1 1 1 1 1 1 1 1 1 1 1 1 1 1 1 0 0 0 0 1 1 1 1 1 1 1 1 1 1 
0 1 1 1 1 1 1 1 1 1 1 1 1 1 1 1 1 1 1 1 1 1 1 1 1 1 1 1 1 1 1 1 1 1 1 1 1 1 1 1 1 1 1 1 1 1 1 1 1 1 1 1 1 0 0 0 0 1 1 1 1 1 1 1 1 1 1 
0 1 1 1 1 1 1 1 1 1 1 1 1 1 1 1 1 1 1 1 1 1 1 1 1 1 1 1 1 1 1 1 1 1 1 1 1 1 1 1 1 1 1 1 1 1 1 1 1 1 1 1 1 0 0 0 0 1 1 1 1 1 1 1 1 1 1 
0 1 1 1 1 1 1 1 1 1 1 1 1 1 1 1 1 1 1 1 1 1 1 1 1 1 1 1 1 1 1 1 1 1 1 1 1 1 1 1 1 1 1 1 1 1 1 1 1 1 1 1 1 0 0 0 0 1 1 1 1 1 1 1 1 1 1 
0 1 1 1 1 1 1 1 1 1 1 1 1 1 1 1 1 1 1 1 1 1 1 1 1 1 1 1 1 1 1 1 1 1 1 1 1 1 1 1 1 1 1 1 1 1 1 1 1 1 1 1 1 1 1 1 1 0 0 0 0 1 1 1 1 1 1 
0 1 1 1 1 1 1 1 1 1 1 1 1 1 1 1 1 1 1 1 1 1 1 1 1 1 1 1 1 1 1 1 1 1 1 1 1 1 1 1 1 1 1 1 1 1 1 1 1 1 1 1 1 1 1 1 1 0 0 0 0 1 1 1 1 1 1 
0 1 1 1 1 1 1 1 1 1 1 1 1 1 1 1 1 1 1 1 1 1 1 1 1 1 1 1 1 1 1 1 1 1 1 1 1 1 1 1 1 1 1 1 1 1 1 1 1 1 1 1 1 1 1 1 1 0 0 0 0 1 1 1 1 1 1 
0 1 1 1 1 1 1 1 1 1 1 1 1 1 1 1 1 1 1 1 1 1 1 1 1 1 1 1 1 1 1 1 1 1 1 1 1 1 1 1 1 1 1 1 1 1 1 1 1 1 1 1 1 1 1 1 1 0 0 0 0 1 1 1 1 1 1 
0 1 1 1 1 1 1 1 1 1 1 1 1 1 1 1 1 1 1 1 1 1 1 1 1 1 1 1 1 1 1 1 1 1 1 1 1 1 1 1 1 1 1 1 1 1 1 1 1 1 1 1 1 1 1 1 1 1 1 1 1 0 0 0 0 0 0 
0 1 1 1 1 1 1 1 1 1 1 1 1 1 1 1 1 1 1 1 1 1 1 1 1 1 1 1 1 1 1 1 1 1 1 1 1 1 1 1 1 1 1 1 1 1 1 1 1 1 1 1 1 1 1 1 1 1 1 1 1 0 0 0 0 0 0 
0 1 1 1 1 1 1 1 1 1 1 1 1 1 1 1 1 1 1 1 1 1 1 1 1 1 1 1 1 1 1 1 1 1 1 1 1 1 1 1 1 1 1 1 1 1 1 1 1 1 1 1 1 1 1 1 1 1 1 1 1 0 0 0 0 0 0 
0 1 1 1 1 1 1 1 1 1 1 1 1 1 1 1 1 1 1 1 1 1 1 1 1 1 1 1 1 1 1 1 1 1 1 1 1 1 1 1 1 1 1 1 1 1 1 1 1 1 1 1 1 1 1 1 1 1 1 1 1 0 0 0 0 0 0 
0 1 1 1 1 1 1 1 1 1 1 1 1 1 1 1 1 1 1 1 1 1 1 1 1 1 1 1 1 1 1 1 1 1 1 1 1 1 1 1 1 1 1 1 1 1 1 1 1 1 1 1 1 1 1 1 1 1 1 1 1 0 0 0 0 0 0 
0 1 1 1 1 1 1 1 1 1 1 1 1 1 1 1 1 1 1 1 1 1 1 1 1 1 1 1 1 1 1 1 1 1 1 1 1 1 1 1 1 1 1 1 1 1 1 1 1 1 1 1 1 1 1 1 1 1 1 1 1 0 0 0 0 0 0 

12
14
