26 
12 

2 
2 
3 
2 
2 
2 
2 
2 
3 
2 
2 
2 

65 

30 30 27.2727 27.2727 33.3333 33.3333 33.3333 27.7778 27.7778 27.2727 27.2727 28.3019 28.3019 22.0588 22.0588 21.7391 21.7391 25.8621 25.8621 25.8621 20.5479 20.5479 28.8462 28.8462 22.3881 22.3881 
30 30 27.2727 27.2727 33.3333 33.3333 33.3333 27.7778 27.7778 27.2727 27.2727 28.3019 28.3019 22.0588 22.0588 21.7391 21.7391 25.8621 25.8621 25.8621 20.5479 20.5479 28.8462 28.8462 22.3881 22.3881 
30 30 27.2727 27.2727 33.3333 33.3333 33.3333 27.7778 27.7778 27.2727 27.2727 28.3019 28.3019 22.0588 22.0588 21.7391 21.7391 25.8621 25.8621 25.8621 20.5479 20.5479 28.8462 28.8462 22.3881 22.3881 
2.4 2.4 2.18182 2.18182 2.66667 2.66667 2.66667 2.22222 2.22222 2.18182 2.18182 2.26415 2.26415 1.76471 1.76471 1.73913 1.73913 2.06897 2.06897 2.06897 1.64384 1.64384 2.30769 2.30769 1.79104 1.79104 
30 30 27.2727 27.2727 33.3333 33.3333 33.3333 27.7778 27.7778 27.2727 27.2727 28.3019 28.3019 22.0588 22.0588 21.7391 21.7391 25.8621 25.8621 25.8621 20.5479 20.5479 28.8462 28.8462 22.3881 22.3881 
30 30 27.2727 27.2727 33.3333 33.3333 33.3333 27.7778 27.7778 27.2727 27.2727 28.3019 28.3019 22.0588 22.0588 21.7391 21.7391 25.8621 25.8621 25.8621 20.5479 20.5479 28.8462 28.8462 22.3881 22.3881 
30 30 27.2727 27.2727 33.3333 33.3333 33.3333 27.7778 27.7778 27.2727 27.2727 28.3019 28.3019 22.0588 22.0588 21.7391 21.7391 25.8621 25.8621 25.8621 20.5479 20.5479 28.8462 28.8462 22.3881 22.3881 
30 30 27.2727 27.2727 33.3333 33.3333 33.3333 27.7778 27.7778 27.2727 27.2727 28.3019 28.3019 22.0588 22.0588 21.7391 21.7391 25.8621 25.8621 25.8621 20.5479 20.5479 28.8462 28.8462 22.3881 22.3881 
30 30 27.2727 27.2727 33.3333 33.3333 33.3333 27.7778 27.7778 27.2727 27.2727 28.3019 28.3019 22.0588 22.0588 21.7391 21.7391 25.8621 25.8621 25.8621 20.5479 20.5479 28.8462 28.8462 22.3881 22.3881 
30 30 27.2727 27.2727 33.3333 33.3333 33.3333 27.7778 27.7778 27.2727 27.2727 28.3019 28.3019 22.0588 22.0588 21.7391 21.7391 25.8621 25.8621 25.8621 20.5479 20.5479 28.8462 28.8462 22.3881 22.3881 
3.6 3.6 3.27273 3.27273 4 4 4 3.33333 3.33333 3.27273 3.27273 3.39623 3.39623 2.64706 2.64706 2.6087 2.6087 3.10345 3.10345 3.10345 2.46575 2.46575 3.46154 3.46154 2.68657 2.68657 
30 30 27.2727 27.2727 33.3333 33.3333 33.3333 27.7778 27.7778 27.2727 27.2727 28.3019 28.3019 22.0588 22.0588 21.7391 21.7391 25.8621 25.8621 25.8621 20.5479 20.5479 28.8462 28.8462 22.3881 22.3881 
30 30 27.2727 27.2727 33.3333 33.3333 33.3333 27.7778 27.7778 27.2727 27.2727 28.3019 28.3019 22.0588 22.0588 21.7391 21.7391 25.8621 25.8621 25.8621 20.5479 20.5479 28.8462 28.8462 22.3881 22.3881 
21.6 21.6 19.6364 19.6364 24 24 24 20 20 19.6364 19.6364 20.3774 20.3774 15.8824 15.8824 15.6522 15.6522 18.6207 18.6207 18.6207 14.7945 14.7945 20.7692 20.7692 16.1194 16.1194 
30 30 27.2727 27.2727 33.3333 33.3333 33.3333 27.7778 27.7778 27.2727 27.2727 28.3019 28.3019 22.0588 22.0588 21.7391 21.7391 25.8621 25.8621 25.8621 20.5479 20.5479 28.8462 28.8462 22.3881 22.3881 
30 30 27.2727 27.2727 33.3333 33.3333 33.3333 27.7778 27.7778 27.2727 27.2727 28.3019 28.3019 22.0588 22.0588 21.7391 21.7391 25.8621 25.8621 25.8621 20.5479 20.5479 28.8462 28.8462 22.3881 22.3881 
20.4 20.4 18.5455 18.5455 22.6667 22.6667 22.6667 18.8889 18.8889 18.5455 18.5455 19.2453 19.2453 15 15 14.7826 14.7826 17.5862 17.5862 17.5862 13.9726 13.9726 19.6154 19.6154 15.2239 15.2239 
30 30 27.2727 27.2727 33.3333 33.3333 33.3333 27.7778 27.7778 27.2727 27.2727 28.3019 28.3019 22.0588 22.0588 21.7391 21.7391 25.8621 25.8621 25.8621 20.5479 20.5479 28.8462 28.8462 22.3881 22.3881 
30 30 27.2727 27.2727 33.3333 33.3333 33.3333 27.7778 27.7778 27.2727 27.2727 28.3019 28.3019 22.0588 22.0588 21.7391 21.7391 25.8621 25.8621 25.8621 20.5479 20.5479 28.8462 28.8462 22.3881 22.3881 
9.6 9.6 8.72727 8.72727 10.6667 10.6667 10.6667 8.88889 8.88889 8.72727 8.72727 9.0566 9.0566 7.05882 7.05882 6.95652 6.95652 8.27586 8.27586 8.27586 6.57534 6.57534 9.23077 9.23077 7.16418 7.16418 
30 30 27.2727 27.2727 33.3333 33.3333 33.3333 27.7778 27.7778 27.2727 27.2727 28.3019 28.3019 22.0588 22.0588 21.7391 21.7391 25.8621 25.8621 25.8621 20.5479 20.5479 28.8462 28.8462 22.3881 22.3881 
30 30 27.2727 27.2727 33.3333 33.3333 33.3333 27.7778 27.7778 27.2727 27.2727 28.3019 28.3019 22.0588 22.0588 21.7391 21.7391 25.8621 25.8621 25.8621 20.5479 20.5479 28.8462 28.8462 22.3881 22.3881 
30 30 27.2727 27.2727 33.3333 33.3333 33.3333 27.7778 27.7778 27.2727 27.2727 28.3019 28.3019 22.0588 22.0588 21.7391 21.7391 25.8621 25.8621 25.8621 20.5479 20.5479 28.8462 28.8462 22.3881 22.3881 
30 30 27.2727 27.2727 33.3333 33.3333 33.3333 27.7778 27.7778 27.2727 27.2727 28.3019 28.3019 22.0588 22.0588 21.7391 21.7391 25.8621 25.8621 25.8621 20.5479 20.5479 28.8462 28.8462 22.3881 22.3881 
30 30 27.2727 27.2727 33.3333 33.3333 33.3333 27.7778 27.7778 27.2727 27.2727 28.3019 28.3019 22.0588 22.0588 21.7391 21.7391 25.8621 25.8621 25.8621 20.5479 20.5479 28.8462 28.8462 22.3881 22.3881 
6 6 5.45455 5.45455 6.66667 6.66667 6.66667 5.55556 5.55556 5.45455 5.45455 5.66038 5.66038 4.41176 4.41176 4.34783 4.34783 5.17241 5.17241 5.17241 4.10959 4.10959 5.76923 5.76923 4.47761 4.47761 
30 30 27.2727 27.2727 33.3333 33.3333 33.3333 27.7778 27.7778 27.2727 27.2727 28.3019 28.3019 22.0588 22.0588 21.7391 21.7391 25.8621 25.8621 25.8621 20.5479 20.5479 28.8462 28.8462 22.3881 22.3881 
30 30 27.2727 27.2727 33.3333 33.3333 33.3333 27.7778 27.7778 27.2727 27.2727 28.3019 28.3019 22.0588 22.0588 21.7391 21.7391 25.8621 25.8621 25.8621 20.5479 20.5479 28.8462 28.8462 22.3881 22.3881 
30 30 27.2727 27.2727 33.3333 33.3333 33.3333 27.7778 27.7778 27.2727 27.2727 28.3019 28.3019 22.0588 22.0588 21.7391 21.7391 25.8621 25.8621 25.8621 20.5479 20.5479 28.8462 28.8462 22.3881 22.3881 
30 30 27.2727 27.2727 33.3333 33.3333 33.3333 27.7778 27.7778 27.2727 27.2727 28.3019 28.3019 22.0588 22.0588 21.7391 21.7391 25.8621 25.8621 25.8621 20.5479 20.5479 28.8462 28.8462 22.3881 22.3881 
20.4 20.4 18.5455 18.5455 22.6667 22.6667 22.6667 18.8889 18.8889 18.5455 18.5455 19.2453 19.2453 15 15 14.7826 14.7826 17.5862 17.5862 17.5862 13.9726 13.9726 19.6154 19.6154 15.2239 15.2239 
30 30 27.2727 27.2727 33.3333 33.3333 33.3333 27.7778 27.7778 27.2727 27.2727 28.3019 28.3019 22.0588 22.0588 21.7391 21.7391 25.8621 25.8621 25.8621 20.5479 20.5479 28.8462 28.8462 22.3881 22.3881 
30 30 27.2727 27.2727 33.3333 33.3333 33.3333 27.7778 27.7778 27.2727 27.2727 28.3019 28.3019 22.0588 22.0588 21.7391 21.7391 25.8621 25.8621 25.8621 20.5479 20.5479 28.8462 28.8462 22.3881 22.3881 
30 30 27.2727 27.2727 33.3333 33.3333 33.3333 27.7778 27.7778 27.2727 27.2727 28.3019 28.3019 22.0588 22.0588 21.7391 21.7391 25.8621 25.8621 25.8621 20.5479 20.5479 28.8462 28.8462 22.3881 22.3881 
30 30 27.2727 27.2727 33.3333 33.3333 33.3333 27.7778 27.7778 27.2727 27.2727 28.3019 28.3019 22.0588 22.0588 21.7391 21.7391 25.8621 25.8621 25.8621 20.5479 20.5479 28.8462 28.8462 22.3881 22.3881 
30 30 27.2727 27.2727 33.3333 33.3333 33.3333 27.7778 27.7778 27.2727 27.2727 28.3019 28.3019 22.0588 22.0588 21.7391 21.7391 25.8621 25.8621 25.8621 20.5479 20.5479 28.8462 28.8462 22.3881 22.3881 
2.4 2.4 2.18182 2.18182 2.66667 2.66667 2.66667 2.22222 2.22222 2.18182 2.18182 2.26415 2.26415 1.76471 1.76471 1.73913 1.73913 2.06897 2.06897 2.06897 1.64384 1.64384 2.30769 2.30769 1.79104 1.79104 
30 30 27.2727 27.2727 33.3333 33.3333 33.3333 27.7778 27.7778 27.2727 27.2727 28.3019 28.3019 22.0588 22.0588 21.7391 21.7391 25.8621 25.8621 25.8621 20.5479 20.5479 28.8462 28.8462 22.3881 22.3881 
30 30 27.2727 27.2727 33.3333 33.3333 33.3333 27.7778 27.7778 27.2727 27.2727 28.3019 28.3019 22.0588 22.0588 21.7391 21.7391 25.8621 25.8621 25.8621 20.5479 20.5479 28.8462 28.8462 22.3881 22.3881 
30 30 27.2727 27.2727 33.3333 33.3333 33.3333 27.7778 27.7778 27.2727 27.2727 28.3019 28.3019 22.0588 22.0588 21.7391 21.7391 25.8621 25.8621 25.8621 20.5479 20.5479 28.8462 28.8462 22.3881 22.3881 
22.8 22.8 20.7273 20.7273 25.3333 25.3333 25.3333 21.1111 21.1111 20.7273 20.7273 21.5094 21.5094 16.7647 16.7647 16.5217 16.5217 19.6552 19.6552 19.6552 15.6164 15.6164 21.9231 21.9231 17.0149 17.0149 
30 30 27.2727 27.2727 33.3333 33.3333 33.3333 27.7778 27.7778 27.2727 27.2727 28.3019 28.3019 22.0588 22.0588 21.7391 21.7391 25.8621 25.8621 25.8621 20.5479 20.5479 28.8462 28.8462 22.3881 22.3881 
30 30 27.2727 27.2727 33.3333 33.3333 33.3333 27.7778 27.7778 27.2727 27.2727 28.3019 28.3019 22.0588 22.0588 21.7391 21.7391 25.8621 25.8621 25.8621 20.5479 20.5479 28.8462 28.8462 22.3881 22.3881 
27.6 27.6 25.0909 25.0909 30.6667 30.6667 30.6667 25.5556 25.5556 25.0909 25.0909 26.0377 26.0377 20.2941 20.2941 20 20 23.7931 23.7931 23.7931 18.9041 18.9041 26.5385 26.5385 20.597 20.597 
30 30 27.2727 27.2727 33.3333 33.3333 33.3333 27.7778 27.7778 27.2727 27.2727 28.3019 28.3019 22.0588 22.0588 21.7391 21.7391 25.8621 25.8621 25.8621 20.5479 20.5479 28.8462 28.8462 22.3881 22.3881 
30 30 27.2727 27.2727 33.3333 33.3333 33.3333 27.7778 27.7778 27.2727 27.2727 28.3019 28.3019 22.0588 22.0588 21.7391 21.7391 25.8621 25.8621 25.8621 20.5479 20.5479 28.8462 28.8462 22.3881 22.3881 
30 30 27.2727 27.2727 33.3333 33.3333 33.3333 27.7778 27.7778 27.2727 27.2727 28.3019 28.3019 22.0588 22.0588 21.7391 21.7391 25.8621 25.8621 25.8621 20.5479 20.5479 28.8462 28.8462 22.3881 22.3881 
30 30 27.2727 27.2727 33.3333 33.3333 33.3333 27.7778 27.7778 27.2727 27.2727 28.3019 28.3019 22.0588 22.0588 21.7391 21.7391 25.8621 25.8621 25.8621 20.5479 20.5479 28.8462 28.8462 22.3881 22.3881 
30 30 27.2727 27.2727 33.3333 33.3333 33.3333 27.7778 27.7778 27.2727 27.2727 28.3019 28.3019 22.0588 22.0588 21.7391 21.7391 25.8621 25.8621 25.8621 20.5479 20.5479 28.8462 28.8462 22.3881 22.3881 
26.4 26.4 24 24 29.3333 29.3333 29.3333 24.4444 24.4444 24 24 24.9057 24.9057 19.4118 19.4118 19.1304 19.1304 22.7586 22.7586 22.7586 18.0822 18.0822 25.3846 25.3846 19.7015 19.7015 
30 30 27.2727 27.2727 33.3333 33.3333 33.3333 27.7778 27.7778 27.2727 27.2727 28.3019 28.3019 22.0588 22.0588 21.7391 21.7391 25.8621 25.8621 25.8621 20.5479 20.5479 28.8462 28.8462 22.3881 22.3881 
30 30 27.2727 27.2727 33.3333 33.3333 33.3333 27.7778 27.7778 27.2727 27.2727 28.3019 28.3019 22.0588 22.0588 21.7391 21.7391 25.8621 25.8621 25.8621 20.5479 20.5479 28.8462 28.8462 22.3881 22.3881 
30 30 27.2727 27.2727 33.3333 33.3333 33.3333 27.7778 27.7778 27.2727 27.2727 28.3019 28.3019 22.0588 22.0588 21.7391 21.7391 25.8621 25.8621 25.8621 20.5479 20.5479 28.8462 28.8462 22.3881 22.3881 
30 30 27.2727 27.2727 33.3333 33.3333 33.3333 27.7778 27.7778 27.2727 27.2727 28.3019 28.3019 22.0588 22.0588 21.7391 21.7391 25.8621 25.8621 25.8621 20.5479 20.5479 28.8462 28.8462 22.3881 22.3881 
20.4 20.4 18.5455 18.5455 22.6667 22.6667 22.6667 18.8889 18.8889 18.5455 18.5455 19.2453 19.2453 15 15 14.7826 14.7826 17.5862 17.5862 17.5862 13.9726 13.9726 19.6154 19.6154 15.2239 15.2239 
30 30 27.2727 27.2727 33.3333 33.3333 33.3333 27.7778 27.7778 27.2727 27.2727 28.3019 28.3019 22.0588 22.0588 21.7391 21.7391 25.8621 25.8621 25.8621 20.5479 20.5479 28.8462 28.8462 22.3881 22.3881 
30 30 27.2727 27.2727 33.3333 33.3333 33.3333 27.7778 27.7778 27.2727 27.2727 28.3019 28.3019 22.0588 22.0588 21.7391 21.7391 25.8621 25.8621 25.8621 20.5479 20.5479 28.8462 28.8462 22.3881 22.3881 
30 30 27.2727 27.2727 33.3333 33.3333 33.3333 27.7778 27.7778 27.2727 27.2727 28.3019 28.3019 22.0588 22.0588 21.7391 21.7391 25.8621 25.8621 25.8621 20.5479 20.5479 28.8462 28.8462 22.3881 22.3881 
30 30 27.2727 27.2727 33.3333 33.3333 33.3333 27.7778 27.7778 27.2727 27.2727 28.3019 28.3019 22.0588 22.0588 21.7391 21.7391 25.8621 25.8621 25.8621 20.5479 20.5479 28.8462 28.8462 22.3881 22.3881 
30 30 27.2727 27.2727 33.3333 33.3333 33.3333 27.7778 27.7778 27.2727 27.2727 28.3019 28.3019 22.0588 22.0588 21.7391 21.7391 25.8621 25.8621 25.8621 20.5479 20.5479 28.8462 28.8462 22.3881 22.3881 
30 30 27.2727 27.2727 33.3333 33.3333 33.3333 27.7778 27.7778 27.2727 27.2727 28.3019 28.3019 22.0588 22.0588 21.7391 21.7391 25.8621 25.8621 25.8621 20.5479 20.5479 28.8462 28.8462 22.3881 22.3881 
30 30 27.2727 27.2727 33.3333 33.3333 33.3333 27.7778 27.7778 27.2727 27.2727 28.3019 28.3019 22.0588 22.0588 21.7391 21.7391 25.8621 25.8621 25.8621 20.5479 20.5479 28.8462 28.8462 22.3881 22.3881 
30 30 27.2727 27.2727 33.3333 33.3333 33.3333 27.7778 27.7778 27.2727 27.2727 28.3019 28.3019 22.0588 22.0588 21.7391 21.7391 25.8621 25.8621 25.8621 20.5479 20.5479 28.8462 28.8462 22.3881 22.3881 
30 30 27.2727 27.2727 33.3333 33.3333 33.3333 27.7778 27.7778 27.2727 27.2727 28.3019 28.3019 22.0588 22.0588 21.7391 21.7391 25.8621 25.8621 25.8621 20.5479 20.5479 28.8462 28.8462 22.3881 22.3881 
30 30 27.2727 27.2727 33.3333 33.3333 33.3333 27.7778 27.7778 27.2727 27.2727 28.3019 28.3019 22.0588 22.0588 21.7391 21.7391 25.8621 25.8621 25.8621 20.5479 20.5479 28.8462 28.8462 22.3881 22.3881 

40 40 35 35 28 28 28 42 42 25 25 36 36 26 26 29 29 41 41 41 36 36 37 37 45 45 

1 1 1 1 1 1 1 1 1 1 1 1 1 1 1 1 1 1 1 1 1 1 1 1 1 1 
1 1 1 1 1 1 1 1 1 1 1 1 1 1 1 1 1 1 1 1 1 1 1 1 1 1 
1 1 1 1 1 1 1 1 1 1 1 1 1 1 1 1 1 1 1 1 1 1 1 1 1 1 
1 1 1 1 1 1 1 1 1 1 1 1 1 1 1 1 1 1 1 1 1 1 1 1 1 1 
1 1 1 1 1 1 1 1 1 1 1 1 1 1 1 1 1 1 1 1 1 1 1 1 1 1 
1 1 1 1 1 1 1 1 1 1 1 1 1 1 1 1 1 1 1 1 1 1 1 1 1 1 
1 1 1 1 1 1 1 1 1 1 1 1 1 1 1 1 1 1 1 1 1 1 1 1 1 1 
1 1 1 1 1 1 1 1 1 1 1 1 1 1 1 1 1 1 1 1 1 1 1 1 1 1 
1 1 1 1 1 1 1 1 1 1 1 1 1 1 1 1 1 1 1 1 1 1 1 1 1 1 
1 1 1 1 1 1 1 1 1 1 1 1 1 1 1 1 1 1 1 1 1 1 1 1 1 1 
1 1 1 1 1 1 1 1 1 1 1 1 1 1 1 1 1 1 1 1 1 1 1 1 1 1 
1 1 1 1 1 1 1 1 1 1 1 1 1 1 1 1 1 1 1 1 1 1 1 1 1 1 
1 1 1 1 1 1 1 1 1 1 1 1 1 1 1 1 1 1 1 1 1 1 1 1 1 1 
1 1 1 1 1 1 1 1 1 1 1 1 1 1 1 1 1 1 1 1 1 1 1 1 1 1 
1 1 1 1 1 1 1 1 1 1 1 1 1 1 1 1 1 1 1 1 1 1 1 1 1 1 
1 1 1 1 1 1 1 1 1 1 1 1 1 1 1 1 1 1 1 1 1 1 1 1 1 1 
1 1 1 1 1 1 1 1 1 1 1 1 1 1 1 1 1 1 1 1 1 1 1 1 1 1 
1 1 1 1 1 1 1 1 1 1 1 1 1 1 1 1 1 1 1 1 1 1 1 1 1 1 
1 1 1 1 1 1 1 1 1 1 1 1 1 1 1 1 1 1 1 1 1 1 1 1 1 1 
1 1 1 1 1 1 1 1 1 1 1 1 1 1 1 1 1 1 1 1 1 1 1 1 1 1 
1 1 1 1 1 1 1 1 1 1 1 1 1 1 1 1 1 1 1 1 1 1 1 1 1 1 
1 1 1 1 1 1 1 1 1 1 1 1 1 1 1 1 1 1 1 1 1 1 1 1 1 1 
1 1 1 1 1 1 1 1 1 1 1 1 1 1 1 1 1 1 1 1 1 1 1 1 1 1 
1 1 1 1 1 1 1 1 1 1 1 1 1 1 1 1 1 1 1 1 1 1 1 1 1 1 
1 1 1 1 1 1 1 1 1 1 1 1 1 1 1 1 1 1 1 1 1 1 1 1 1 1 
1 1 1 1 1 1 1 1 1 1 1 1 1 1 1 1 1 1 1 1 1 1 1 1 1 1 
1 1 1 1 1 1 1 1 1 1 1 1 1 1 1 1 1 1 1 1 1 1 1 1 1 1 
1 1 1 1 1 1 1 1 1 1 1 1 1 1 1 1 1 1 1 1 1 1 1 1 1 1 
1 1 1 1 1 1 1 1 1 1 1 1 1 1 1 1 1 1 1 1 1 1 1 1 1 1 
1 1 1 1 1 1 1 1 1 1 1 1 1 1 1 1 1 1 1 1 1 1 1 1 1 1 
1 1 1 1 1 1 1 1 1 1 1 1 1 1 1 1 1 1 1 1 1 1 1 1 1 1 
1 1 1 1 1 1 1 1 1 1 1 1 1 1 1 1 1 1 1 1 1 1 1 1 1 1 
1 1 1 1 1 1 1 1 1 1 1 1 1 1 1 1 1 1 1 1 1 1 1 1 1 1 
1 1 1 1 1 1 1 1 1 1 1 1 1 1 1 1 1 1 1 1 1 1 1 1 1 1 
1 1 1 1 1 1 1 1 1 1 1 1 1 1 1 1 1 1 1 1 1 1 1 1 1 1 
1 1 1 1 1 1 1 1 1 1 1 1 1 1 1 1 1 1 1 1 1 1 1 1 1 1 
1 1 1 1 1 1 1 1 1 1 1 1 1 1 1 1 1 1 1 1 1 1 1 1 1 1 
1 1 1 1 1 1 1 1 1 1 1 1 1 1 1 1 1 1 1 1 1 1 1 1 1 1 
1 1 1 1 1 1 1 1 1 1 1 1 1 1 1 1 1 1 1 1 1 1 1 1 1 1 
1 1 1 1 1 1 1 1 1 1 1 1 1 1 1 1 1 1 1 1 1 1 1 1 1 1 
1 1 1 1 1 1 1 1 1 1 1 1 1 1 1 1 1 1 1 1 1 1 1 1 1 1 
1 1 1 1 1 1 1 1 1 1 1 1 1 1 1 1 1 1 1 1 1 1 1 1 1 1 
1 1 1 1 1 1 1 1 1 1 1 1 1 1 1 1 1 1 1 1 1 1 1 1 1 1 
1 1 1 1 1 1 1 1 1 1 1 1 1 1 1 1 1 1 1 1 1 1 1 1 1 1 
1 1 1 1 1 1 1 1 1 1 1 1 1 1 1 1 1 1 1 1 1 1 1 1 1 1 
1 1 1 1 1 1 1 1 1 1 1 1 1 1 1 1 1 1 1 1 1 1 1 1 1 1 
1 1 1 1 1 1 1 1 1 1 1 1 1 1 1 1 1 1 1 1 1 1 1 1 1 1 
1 1 1 1 1 1 1 1 1 1 1 1 1 1 1 1 1 1 1 1 1 1 1 1 1 1 
1 1 1 1 1 1 1 1 1 1 1 1 1 1 1 1 1 1 1 1 1 1 1 1 1 1 
1 1 1 1 1 1 1 1 1 1 1 1 1 1 1 1 1 1 1 1 1 1 1 1 1 1 
1 1 1 1 1 1 1 1 1 1 1 1 1 1 1 1 1 1 1 1 1 1 1 1 1 1 
1 1 1 1 1 1 1 1 1 1 1 1 1 1 1 1 1 1 1 1 1 1 1 1 1 1 
1 1 1 1 1 1 1 1 1 1 1 1 1 1 1 1 1 1 1 1 1 1 1 1 1 1 
1 1 1 1 1 1 1 1 1 1 1 1 1 1 1 1 1 1 1 1 1 1 1 1 1 1 
1 1 1 1 1 1 1 1 1 1 1 1 1 1 1 1 1 1 1 1 1 1 1 1 1 1 
1 1 1 1 1 1 1 1 1 1 1 1 1 1 1 1 1 1 1 1 1 1 1 1 1 1 
1 1 1 1 1 1 1 1 1 1 1 1 1 1 1 1 1 1 1 1 1 1 1 1 1 1 
1 1 1 1 1 1 1 1 1 1 1 1 1 1 1 1 1 1 1 1 1 1 1 1 1 1 
1 1 1 1 1 1 1 1 1 1 1 1 1 1 1 1 1 1 1 1 1 1 1 1 1 1 
1 1 1 1 1 1 1 1 1 1 1 1 1 1 1 1 1 1 1 1 1 1 1 1 1 1 
1 1 1 1 1 1 1 1 1 1 1 1 1 1 1 1 1 1 1 1 1 1 1 1 1 1 
1 1 1 1 1 1 1 1 1 1 1 1 1 1 1 1 1 1 1 1 1 1 1 1 1 1 
1 1 1 1 1 1 1 1 1 1 1 1 1 1 1 1 1 1 1 1 1 1 1 1 1 1 
1 1 1 1 1 1 1 1 1 1 1 1 1 1 1 1 1 1 1 1 1 1 1 1 1 1 
1 1 1 1 1 1 1 1 1 1 1 1 1 1 1 1 1 1 1 1 1 1 1 1 1 1 

29 
14 

2 
2 
3 
2 
2 
2 
2 
1 
2 
3 
2 
2 
2 
2 

65 

93 93 65 65 65 65 65 100 100 88 88 83 83 60 60 93 78 78 62 62 62 75 75 83 83 71 71 83 83 
93 93 65 65 65 65 65 100 100 88 88 83 83 60 60 93 78 78 62 62 62 75 75 83 83 71 71 83 83 
93 93 65 65 65 65 65 100 100 88 88 83 83 60 60 93 78 78 62 62 62 75 75 83 83 71 71 83 83 
7 7 5 5 5 5 5 8 8 7 7 6 6 4 4 7 6 6 5 5 5 6 6 6 6 5 5 6 6 
93 93 65 65 65 65 65 100 100 88 88 83 83 60 60 93 78 78 62 62 62 75 75 83 83 71 71 83 83 
93 93 65 65 65 65 65 100 100 88 88 83 83 60 60 93 78 78 62 62 62 75 75 83 83 71 71 83 83 
93 93 65 65 65 65 65 100 100 88 88 83 83 60 60 93 78 78 62 62 62 75 75 83 83 71 71 83 83 
93 93 65 65 65 65 65 100 100 88 88 83 83 60 60 93 78 78 62 62 62 75 75 83 83 71 71 83 83 
93 93 65 65 65 65 65 100 100 88 88 83 83 60 60 93 78 78 62 62 62 75 75 83 83 71 71 83 83 
93 93 65 65 65 65 65 100 100 88 88 83 83 60 60 93 78 78 62 62 62 75 75 83 83 71 71 83 83 
11 11 7 7 7 7 7 12 12 10 10 10 10 7 7 11 9 9 7 7 7 9 9 10 10 8 8 10 10 
93 93 65 65 65 65 65 100 100 88 88 83 83 60 60 93 78 78 62 62 62 75 75 83 83 71 71 83 83 
93 93 65 65 65 65 65 100 100 88 88 83 83 60 60 93 78 78 62 62 62 75 75 83 83 71 71 83 83 
67 67 46 46 46 46 46 72 72 63 63 60 60 43 43 67 56 56 45 45 45 54 54 60 60 51 51 60 60 
93 93 65 65 65 65 65 100 100 88 88 83 83 60 60 93 78 78 62 62 62 75 75 83 83 71 71 83 83 
93 93 65 65 65 65 65 100 100 88 88 83 83 60 60 93 78 78 62 62 62 75 75 83 83 71 71 83 83 
63 63 44 44 44 44 44 68 68 60 60 56 56 40 40 63 53 53 42 42 42 51 51 56 56 48 48 56 56 
93 93 65 65 65 65 65 100 100 88 88 83 83 60 60 93 78 78 62 62 62 75 75 83 83 71 71 83 83 
93 93 65 65 65 65 65 100 100 88 88 83 83 60 60 93 78 78 62 62 62 75 75 83 83 71 71 83 83 
30 30 20 20 20 20 20 32 32 28 28 26 26 19 19 30 25 25 20 20 20 24 24 26 26 22 22 26 26 
93 93 65 65 65 65 65 100 100 88 88 83 83 60 60 93 78 78 62 62 62 75 75 83 83 71 71 83 83 
93 93 65 65 65 65 65 100 100 88 88 83 83 60 60 93 78 78 62 62 62 75 75 83 83 71 71 83 83 
93 93 65 65 65 65 65 100 100 88 88 83 83 60 60 93 78 78 62 62 62 75 75 83 83 71 71 83 83 
93 93 65 65 65 65 65 100 100 88 88 83 83 60 60 93 78 78 62 62 62 75 75 83 83 71 71 83 83 
93 93 65 65 65 65 65 100 100 88 88 83 83 60 60 93 78 78 62 62 62 75 75 83 83 71 71 83 83 
18 18 13 13 13 13 13 20 20 17 17 16 16 12 12 18 15 15 12 12 12 15 15 16 16 14 14 16 16 
93 93 65 65 65 65 65 100 100 88 88 83 83 60 60 93 78 78 62 62 62 75 75 83 83 71 71 83 83 
93 93 65 65 65 65 65 100 100 88 88 83 83 60 60 93 78 78 62 62 62 75 75 83 83 71 71 83 83 
93 93 65 65 65 65 65 100 100 88 88 83 83 60 60 93 78 78 62 62 62 75 75 83 83 71 71 83 83 
93 93 65 65 65 65 65 100 100 88 88 83 83 60 60 93 78 78 62 62 62 75 75 83 83 71 71 83 83 
63 63 44 44 44 44 44 68 68 60 60 56 56 40 40 63 53 53 42 42 42 51 51 56 56 48 48 56 56 
93 93 65 65 65 65 65 100 100 88 88 83 83 60 60 93 78 78 62 62 62 75 75 83 83 71 71 83 83 
93 93 65 65 65 65 65 100 100 88 88 83 83 60 60 93 78 78 62 62 62 75 75 83 83 71 71 83 83 
93 93 65 65 65 65 65 100 100 88 88 83 83 60 60 93 78 78 62 62 62 75 75 83 83 71 71 83 83 
93 93 65 65 65 65 65 100 100 88 88 83 83 60 60 93 78 78 62 62 62 75 75 83 83 71 71 83 83 
93 93 65 65 65 65 65 100 100 88 88 83 83 60 60 93 78 78 62 62 62 75 75 83 83 71 71 83 83 
7 7 5 5 5 5 5 8 8 7 7 6 6 4 4 7 6 6 5 5 5 6 6 6 6 5 5 6 6 
93 93 65 65 65 65 65 100 100 88 88 83 83 60 60 93 78 78 62 62 62 75 75 83 83 71 71 83 83 
93 93 65 65 65 65 65 100 100 88 88 83 83 60 60 93 78 78 62 62 62 75 75 83 83 71 71 83 83 
93 93 65 65 65 65 65 100 100 88 88 83 83 60 60 93 78 78 62 62 62 75 75 83 83 71 71 83 83 
71 71 49 49 49 49 49 76 76 67 67 63 63 45 45 71 60 60 47 47 47 57 57 63 63 54 54 63 63 
93 93 65 65 65 65 65 100 100 88 88 83 83 60 60 93 78 78 62 62 62 75 75 83 83 71 71 83 83 
93 93 65 65 65 65 65 100 100 88 88 83 83 60 60 93 78 78 62 62 62 75 75 83 83 71 71 83 83 
86 86 60 60 60 60 60 92 92 81 81 76 76 55 55 86 72 72 57 57 57 69 69 76 76 65 65 76 76 
93 93 65 65 65 65 65 100 100 88 88 83 83 60 60 93 78 78 62 62 62 75 75 83 83 71 71 83 83 
93 93 65 65 65 65 65 100 100 88 88 83 83 60 60 93 78 78 62 62 62 75 75 83 83 71 71 83 83 
93 93 65 65 65 65 65 100 100 88 88 83 83 60 60 93 78 78 62 62 62 75 75 83 83 71 71 83 83 
93 93 65 65 65 65 65 100 100 88 88 83 83 60 60 93 78 78 62 62 62 75 75 83 83 71 71 83 83 
93 93 65 65 65 65 65 100 100 88 88 83 83 60 60 93 78 78 62 62 62 75 75 83 83 71 71 83 83 
82 82 57 57 57 57 57 88 88 77 77 73 73 52 52 82 69 69 55 55 55 66 66 73 73 62 62 73 73 
93 93 65 65 65 65 65 100 100 88 88 83 83 60 60 93 78 78 62 62 62 75 75 83 83 71 71 83 83 
93 93 65 65 65 65 65 100 100 88 88 83 83 60 60 93 78 78 62 62 62 75 75 83 83 71 71 83 83 
93 93 65 65 65 65 65 100 100 88 88 83 83 60 60 93 78 78 62 62 62 75 75 83 83 71 71 83 83 
93 93 65 65 65 65 65 100 100 88 88 83 83 60 60 93 78 78 62 62 62 75 75 83 83 71 71 83 83 
63 63 44 44 44 44 44 68 68 60 60 56 56 40 40 63 53 53 42 42 42 51 51 56 56 48 48 56 56 
93 93 65 65 65 65 65 100 100 88 88 83 83 60 60 93 78 78 62 62 62 75 75 83 83 71 71 83 83 
93 93 65 65 65 65 65 100 100 88 88 83 83 60 60 93 78 78 62 62 62 75 75 83 83 71 71 83 83 
93 93 65 65 65 65 65 100 100 88 88 83 83 60 60 93 78 78 62 62 62 75 75 83 83 71 71 83 83 
93 93 65 65 65 65 65 100 100 88 88 83 83 60 60 93 78 78 62 62 62 75 75 83 83 71 71 83 83 
93 93 65 65 65 65 65 100 100 88 88 83 83 60 60 93 78 78 62 62 62 75 75 83 83 71 71 83 83 
93 93 65 65 65 65 65 100 100 88 88 83 83 60 60 93 78 78 62 62 62 75 75 83 83 71 71 83 83 
93 93 65 65 65 65 65 100 100 88 88 83 83 60 60 93 78 78 62 62 62 75 75 83 83 71 71 83 83 
93 93 65 65 65 65 65 100 100 88 88 83 83 60 60 93 78 78 62 62 62 75 75 83 83 71 71 83 83 
93 93 65 65 65 65 65 100 100 88 88 83 83 60 60 93 78 78 62 62 62 75 75 83 83 71 71 83 83 
93 93 65 65 65 65 65 100 100 88 88 83 83 60 60 93 78 78 62 62 62 75 75 83 83 71 71 83 83 

32 
32 
40 
40 
27 
27 
27 
44 
44 
38 
38 
40 
40 
28 
28 
33 
40 
40 
39 
39 
39 
38 
38 
28 
28 
25 
25 
45 
45 

1 1 1 1 1 1 1 1 1 1 1 1 1 1 1 1 1 1 1 1 1 1 1 1 1 1 1 1 1 
1 1 1 1 1 1 1 1 1 1 1 1 1 1 1 1 1 1 1 1 1 1 1 1 1 1 1 1 1 
1 1 1 1 1 1 1 1 1 1 1 1 1 1 1 1 1 1 1 1 1 1 1 1 1 1 1 1 1 
1 1 1 1 1 1 1 1 1 1 1 1 1 1 1 1 1 1 1 1 1 1 1 1 1 1 1 1 1 
1 1 1 1 1 1 1 1 1 1 1 1 1 1 1 1 1 1 1 1 1 1 1 1 1 1 1 1 1 
1 1 1 1 1 1 1 1 1 1 1 1 1 1 1 1 1 1 1 1 1 1 1 1 1 1 1 1 1 
1 1 1 1 1 1 1 1 1 1 1 1 1 1 1 1 1 1 1 1 1 1 1 1 1 1 1 1 1 
1 1 1 1 1 1 1 1 1 1 1 1 1 1 1 1 1 1 1 1 1 1 1 1 1 1 1 1 1 
1 1 1 1 1 1 1 1 1 1 1 1 1 1 1 1 1 1 1 1 1 1 1 1 1 1 1 1 1 
1 1 1 1 1 1 1 1 1 1 1 1 1 1 1 1 1 1 1 1 1 1 1 1 1 1 1 1 1 
1 1 1 1 1 1 1 1 1 1 1 1 1 1 1 1 1 1 1 1 1 1 1 1 1 1 1 1 1 
1 1 1 1 1 1 1 1 1 1 1 1 1 1 1 1 1 1 1 1 1 1 1 1 1 1 1 1 1 
1 1 1 1 1 1 1 1 1 1 1 1 1 1 1 1 1 1 1 1 1 1 1 1 1 1 1 1 1 
1 1 1 1 1 1 1 1 1 1 1 1 1 1 1 1 1 1 1 1 1 1 1 1 1 1 1 1 1 
1 1 1 1 1 1 1 1 1 1 1 1 1 1 1 1 1 1 1 1 1 1 1 1 1 1 1 1 1 
1 1 1 1 1 1 1 1 1 1 1 1 1 1 1 1 1 1 1 1 1 1 1 1 1 1 1 1 1 
1 1 1 1 1 1 1 1 1 1 1 1 1 1 1 1 1 1 1 1 1 1 1 1 1 1 1 1 1 
1 1 1 1 1 1 1 1 1 1 1 1 1 1 1 1 1 1 1 1 1 1 1 1 1 1 1 1 1 
1 1 1 1 1 1 1 1 1 1 1 1 1 1 1 1 1 1 1 1 1 1 1 1 1 1 1 1 1 
1 1 1 1 1 1 1 1 1 1 1 1 1 1 1 1 1 1 1 1 1 1 1 1 1 1 1 1 1 
1 1 1 1 1 1 1 1 1 1 1 1 1 1 1 1 1 1 1 1 1 1 1 1 1 1 1 1 1 
1 1 1 1 1 1 1 1 1 1 1 1 1 1 1 1 1 1 1 1 1 1 1 1 1 1 1 1 1 
1 1 1 1 1 1 1 1 1 1 1 1 1 1 1 1 1 1 1 1 1 1 1 1 1 1 1 1 1 
1 1 1 1 1 1 1 1 1 1 1 1 1 1 1 1 1 1 1 1 1 1 1 1 1 1 1 1 1 
1 1 1 1 1 1 1 1 1 1 1 1 1 1 1 1 1 1 1 1 1 1 1 1 1 1 1 1 1 
1 1 1 1 1 1 1 1 1 1 1 1 1 1 1 1 1 1 1 1 1 1 1 1 1 1 1 1 1 
1 1 1 1 1 1 1 1 1 1 1 1 1 1 1 1 1 1 1 1 1 1 1 1 1 1 1 1 1 
1 1 1 1 1 1 1 1 1 1 1 1 1 1 1 1 1 1 1 1 1 1 1 1 1 1 1 1 1 
1 1 1 1 1 1 1 1 1 1 1 1 1 1 1 1 1 1 1 1 1 1 1 1 1 1 1 1 1 
1 1 1 1 1 1 1 1 1 1 1 1 1 1 1 1 1 1 1 1 1 1 1 1 1 1 1 1 1 
1 1 1 1 1 1 1 1 1 1 1 1 1 1 1 1 1 1 1 1 1 1 1 1 1 1 1 1 1 
1 1 1 1 1 1 1 1 1 1 1 1 1 1 1 1 1 1 1 1 1 1 1 1 1 1 1 1 1 
1 1 1 1 1 1 1 1 1 1 1 1 1 1 1 1 1 1 1 1 1 1 1 1 1 1 1 1 1 
1 1 1 1 1 1 1 1 1 1 1 1 1 1 1 1 1 1 1 1 1 1 1 1 1 1 1 1 1 
1 1 1 1 1 1 1 1 1 1 1 1 1 1 1 1 1 1 1 1 1 1 1 1 1 1 1 1 1 
1 1 1 1 1 1 1 1 1 1 1 1 1 1 1 1 1 1 1 1 1 1 1 1 1 1 1 1 1 
1 1 1 1 1 1 1 1 1 1 1 1 1 1 1 1 1 1 1 1 1 1 1 1 1 1 1 1 1 
1 1 1 1 1 1 1 1 1 1 1 1 1 1 1 1 1 1 1 1 1 1 1 1 1 1 1 1 1 
1 1 1 1 1 1 1 1 1 1 1 1 1 1 1 1 1 1 1 1 1 1 1 1 1 1 1 1 1 
1 1 1 1 1 1 1 1 1 1 1 1 1 1 1 1 1 1 1 1 1 1 1 1 1 1 1 1 1 
1 1 1 1 1 1 1 1 1 1 1 1 1 1 1 1 1 1 1 1 1 1 1 1 1 1 1 1 1 
1 1 1 1 1 1 1 1 1 1 1 1 1 1 1 1 1 1 1 1 1 1 1 1 1 1 1 1 1 
1 1 1 1 1 1 1 1 1 1 1 1 1 1 1 1 1 1 1 1 1 1 1 1 1 1 1 1 1 
1 1 1 1 1 1 1 1 1 1 1 1 1 1 1 1 1 1 1 1 1 1 1 1 1 1 1 1 1 
1 1 1 1 1 1 1 1 1 1 1 1 1 1 1 1 1 1 1 1 1 1 1 1 1 1 1 1 1 
1 1 1 1 1 1 1 1 1 1 1 1 1 1 1 1 1 1 1 1 1 1 1 1 1 1 1 1 1 
1 1 1 1 1 1 1 1 1 1 1 1 1 1 1 1 1 1 1 1 1 1 1 1 1 1 1 1 1 
1 1 1 1 1 1 1 1 1 1 1 1 1 1 1 1 1 1 1 1 1 1 1 1 1 1 1 1 1 
1 1 1 1 1 1 1 1 1 1 1 1 1 1 1 1 1 1 1 1 1 1 1 1 1 1 1 1 1 
1 1 1 1 1 1 1 1 1 1 1 1 1 1 1 1 1 1 1 1 1 1 1 1 1 1 1 1 1 
1 1 1 1 1 1 1 1 1 1 1 1 1 1 1 1 1 1 1 1 1 1 1 1 1 1 1 1 1 
1 1 1 1 1 1 1 1 1 1 1 1 1 1 1 1 1 1 1 1 1 1 1 1 1 1 1 1 1 
1 1 1 1 1 1 1 1 1 1 1 1 1 1 1 1 1 1 1 1 1 1 1 1 1 1 1 1 1 
1 1 1 1 1 1 1 1 1 1 1 1 1 1 1 1 1 1 1 1 1 1 1 1 1 1 1 1 1 
1 1 1 1 1 1 1 1 1 1 1 1 1 1 1 1 1 1 1 1 1 1 1 1 1 1 1 1 1 
1 1 1 1 1 1 1 1 1 1 1 1 1 1 1 1 1 1 1 1 1 1 1 1 1 1 1 1 1 
1 1 1 1 1 1 1 1 1 1 1 1 1 1 1 1 1 1 1 1 1 1 1 1 1 1 1 1 1 
1 1 1 1 1 1 1 1 1 1 1 1 1 1 1 1 1 1 1 1 1 1 1 1 1 1 1 1 1 
1 1 1 1 1 1 1 1 1 1 1 1 1 1 1 1 1 1 1 1 1 1 1 1 1 1 1 1 1 
1 1 1 1 1 1 1 1 1 1 1 1 1 1 1 1 1 1 1 1 1 1 1 1 1 1 1 1 1 
1 1 1 1 1 1 1 1 1 1 1 1 1 1 1 1 1 1 1 1 1 1 1 1 1 1 1 1 1 
1 1 1 1 1 1 1 1 1 1 1 1 1 1 1 1 1 1 1 1 1 1 1 1 1 1 1 1 1 
1 1 1 1 1 1 1 1 1 1 1 1 1 1 1 1 1 1 1 1 1 1 1 1 1 1 1 1 1 
1 1 1 1 1 1 1 1 1 1 1 1 1 1 1 1 1 1 1 1 1 1 1 1 1 1 1 1 1 
1 1 1 1 1 1 1 1 1 1 1 1 1 1 1 1 1 1 1 1 1 1 1 1 1 1 1 1 1 

14 
0 1 1 1 1 1 1 1 1 1 1 1 1 1 1 1 1 1 1 1 1 1 1 1 1 1 1 1 1 1 1 1 1 1 1 1 1 1 1 1 1 1 1 1 1 1 1 1 1 1 1 1 1 1 1 1 1 1 1 1 1 1 1 1 1 1 
0 0 0 0 0 1 1 1 1 1 1 1 1 1 1 1 1 1 1 1 1 1 1 1 1 1 1 1 1 1 1 1 1 1 1 1 1 1 1 1 1 1 1 1 1 1 1 1 1 1 1 1 1 1 1 1 1 1 1 1 1 1 1 1 1 1 
0 0 0 0 0 1 1 1 1 1 1 1 1 1 1 1 1 1 1 1 1 1 1 1 1 1 1 1 1 1 1 1 1 1 1 1 1 1 1 1 1 1 1 1 1 1 1 1 1 1 1 1 1 1 1 1 1 1 1 1 1 1 1 1 1 1 
0 0 0 0 0 1 1 1 1 1 1 1 1 1 1 1 1 1 1 1 1 1 1 1 1 1 1 1 1 1 1 1 1 1 1 1 1 1 1 1 1 1 1 1 1 1 1 1 1 1 1 1 1 1 1 1 1 1 1 1 1 1 1 1 1 1 
0 0 0 0 0 1 1 1 1 1 1 1 1 1 1 1 1 1 1 1 1 1 1 1 1 1 1 1 1 1 1 1 1 1 1 1 1 1 1 1 1 1 1 1 1 1 1 1 1 1 1 1 1 1 1 1 1 1 1 1 1 1 1 1 1 1 
0 1 1 1 1 0 0 0 0 0 0 0 1 1 1 1 1 1 1 1 1 1 1 1 1 1 1 1 1 1 1 1 1 1 1 1 1 1 1 1 1 1 1 1 1 1 1 1 1 1 1 1 1 1 1 1 1 1 1 1 1 1 1 1 1 1 
0 1 1 1 1 0 0 0 0 0 0 0 1 1 1 1 1 1 1 1 1 1 1 1 1 1 1 1 1 1 1 1 1 1 1 1 1 1 1 1 1 1 1 1 1 1 1 1 1 1 1 1 1 1 1 1 1 1 1 1 1 1 1 1 1 1 
0 1 1 1 1 0 0 0 0 0 0 0 1 1 1 1 1 1 1 1 1 1 1 1 1 1 1 1 1 1 1 1 1 1 1 1 1 1 1 1 1 1 1 1 1 1 1 1 1 1 1 1 1 1 1 1 1 1 1 1 1 1 1 1 1 1 
0 1 1 1 1 0 0 0 0 0 0 0 1 1 1 1 1 1 1 1 1 1 1 1 1 1 1 1 1 1 1 1 1 1 1 1 1 1 1 1 1 1 1 1 1 1 1 1 1 1 1 1 1 1 1 1 1 1 1 1 1 1 1 1 1 1 
0 1 1 1 1 0 0 0 0 0 0 0 1 1 1 1 1 1 1 1 1 1 1 1 1 1 1 1 1 1 1 1 1 1 1 1 1 1 1 1 1 1 1 1 1 1 1 1 1 1 1 1 1 1 1 1 1 1 1 1 1 1 1 1 1 1 
0 1 1 1 1 0 0 0 0 0 0 0 1 1 1 1 1 1 1 1 1 1 1 1 1 1 1 1 1 1 1 1 1 1 1 1 1 1 1 1 1 1 1 1 1 1 1 1 1 1 1 1 1 1 1 1 1 1 1 1 1 1 1 1 1 1 
0 1 1 1 1 0 0 0 0 0 0 0 1 1 1 1 1 1 1 1 1 1 1 1 1 1 1 1 1 1 1 1 1 1 1 1 1 1 1 1 1 1 1 1 1 1 1 1 1 1 1 1 1 1 1 1 1 1 1 1 1 1 1 1 1 1 
0 1 1 1 1 1 1 1 1 1 1 1 0 0 0 1 1 1 1 1 1 1 1 1 1 1 1 1 1 1 1 1 1 1 1 1 1 1 1 1 1 1 1 1 1 1 1 1 1 1 1 1 1 1 1 1 1 1 1 1 1 1 1 1 1 1 
0 1 1 1 1 1 1 1 1 1 1 1 0 0 0 1 1 1 1 1 1 1 1 1 1 1 1 1 1 1 1 1 1 1 1 1 1 1 1 1 1 1 1 1 1 1 1 1 1 1 1 1 1 1 1 1 1 1 1 1 1 1 1 1 1 1 
0 1 1 1 1 1 1 1 1 1 1 1 0 0 0 1 1 1 1 1 1 1 1 1 1 1 1 1 1 1 1 1 1 1 1 1 1 1 1 1 1 1 1 1 1 1 1 1 1 1 1 1 1 1 1 1 1 1 1 1 1 1 1 1 1 1 
0 1 1 1 1 1 1 1 1 1 1 1 1 1 1 0 0 0 1 1 1 1 1 1 1 1 1 1 1 1 1 1 1 1 1 1 1 1 1 1 1 1 1 1 1 1 1 1 1 1 1 1 1 1 1 1 1 1 1 1 1 1 1 1 1 1 
0 1 1 1 1 1 1 1 1 1 1 1 1 1 1 0 0 0 1 1 1 1 1 1 1 1 1 1 1 1 1 1 1 1 1 1 1 1 1 1 1 1 1 1 1 1 1 1 1 1 1 1 1 1 1 1 1 1 1 1 1 1 1 1 1 1 
0 1 1 1 1 1 1 1 1 1 1 1 1 1 1 0 0 0 1 1 1 1 1 1 1 1 1 1 1 1 1 1 1 1 1 1 1 1 1 1 1 1 1 1 1 1 1 1 1 1 1 1 1 1 1 1 1 1 1 1 1 1 1 1 1 1 
0 1 1 1 1 1 1 1 1 1 1 1 1 1 1 1 1 1 0 0 0 1 1 1 1 1 1 1 1 1 1 1 1 1 1 1 1 1 1 1 1 1 1 1 1 1 1 1 1 1 1 1 1 1 1 1 1 1 1 1 1 1 1 1 1 1 
0 1 1 1 1 1 1 1 1 1 1 1 1 1 1 1 1 1 0 0 0 1 1 1 1 1 1 1 1 1 1 1 1 1 1 1 1 1 1 1 1 1 1 1 1 1 1 1 1 1 1 1 1 1 1 1 1 1 1 1 1 1 1 1 1 1 
0 1 1 1 1 1 1 1 1 1 1 1 1 1 1 1 1 1 0 0 0 1 1 1 1 1 1 1 1 1 1 1 1 1 1 1 1 1 1 1 1 1 1 1 1 1 1 1 1 1 1 1 1 1 1 1 1 1 1 1 1 1 1 1 1 1 
0 1 1 1 1 1 1 1 1 1 1 1 1 1 1 1 1 1 1 1 1 0 0 0 0 0 0 1 1 1 1 1 1 1 1 1 1 1 1 1 1 1 1 1 1 1 1 1 1 1 1 1 1 1 1 1 1 1 1 1 1 1 1 1 1 1 
0 1 1 1 1 1 1 1 1 1 1 1 1 1 1 1 1 1 1 1 1 0 0 0 0 0 0 1 1 1 1 1 1 1 1 1 1 1 1 1 1 1 1 1 1 1 1 1 1 1 1 1 1 1 1 1 1 1 1 1 1 1 1 1 1 1 
0 1 1 1 1 1 1 1 1 1 1 1 1 1 1 1 1 1 1 1 1 0 0 0 0 0 0 1 1 1 1 1 1 1 1 1 1 1 1 1 1 1 1 1 1 1 1 1 1 1 1 1 1 1 1 1 1 1 1 1 1 1 1 1 1 1 
0 1 1 1 1 1 1 1 1 1 1 1 1 1 1 1 1 1 1 1 1 0 0 0 0 0 0 1 1 1 1 1 1 1 1 1 1 1 1 1 1 1 1 1 1 1 1 1 1 1 1 1 1 1 1 1 1 1 1 1 1 1 1 1 1 1 
0 1 1 1 1 1 1 1 1 1 1 1 1 1 1 1 1 1 1 1 1 0 0 0 0 0 0 1 1 1 1 1 1 1 1 1 1 1 1 1 1 1 1 1 1 1 1 1 1 1 1 1 1 1 1 1 1 1 1 1 1 1 1 1 1 1 
0 1 1 1 1 1 1 1 1 1 1 1 1 1 1 1 1 1 1 1 1 0 0 0 0 0 0 1 1 1 1 1 1 1 1 1 1 1 1 1 1 1 1 1 1 1 1 1 1 1 1 1 1 1 1 1 1 1 1 1 1 1 1 1 1 1 
0 1 1 1 1 1 1 1 1 1 1 1 1 1 1 1 1 1 1 1 1 1 1 1 1 1 1 0 0 0 0 0 1 1 1 1 1 1 1 1 1 1 1 1 1 1 1 1 1 1 1 1 1 1 1 1 1 1 1 1 1 1 1 1 1 1 
0 1 1 1 1 1 1 1 1 1 1 1 1 1 1 1 1 1 1 1 1 1 1 1 1 1 1 0 0 0 0 0 1 1 1 1 1 1 1 1 1 1 1 1 1 1 1 1 1 1 1 1 1 1 1 1 1 1 1 1 1 1 1 1 1 1 
0 1 1 1 1 1 1 1 1 1 1 1 1 1 1 1 1 1 1 1 1 1 1 1 1 1 1 0 0 0 0 0 1 1 1 1 1 1 1 1 1 1 1 1 1 1 1 1 1 1 1 1 1 1 1 1 1 1 1 1 1 1 1 1 1 1 
0 1 1 1 1 1 1 1 1 1 1 1 1 1 1 1 1 1 1 1 1 1 1 1 1 1 1 0 0 0 0 0 1 1 1 1 1 1 1 1 1 1 1 1 1 1 1 1 1 1 1 1 1 1 1 1 1 1 1 1 1 1 1 1 1 1 
0 1 1 1 1 1 1 1 1 1 1 1 1 1 1 1 1 1 1 1 1 1 1 1 1 1 1 0 0 0 0 0 1 1 1 1 1 1 1 1 1 1 1 1 1 1 1 1 1 1 1 1 1 1 1 1 1 1 1 1 1 1 1 1 1 1 
0 1 1 1 1 1 1 1 1 1 1 1 1 1 1 1 1 1 1 1 1 1 1 1 1 1 1 1 1 1 1 1 0 0 0 0 0 0 1 1 1 1 1 1 1 1 1 1 1 1 1 1 1 1 1 1 1 1 1 1 1 1 1 1 1 1 
0 1 1 1 1 1 1 1 1 1 1 1 1 1 1 1 1 1 1 1 1 1 1 1 1 1 1 1 1 1 1 1 0 0 0 0 0 0 1 1 1 1 1 1 1 1 1 1 1 1 1 1 1 1 1 1 1 1 1 1 1 1 1 1 1 1 
0 1 1 1 1 1 1 1 1 1 1 1 1 1 1 1 1 1 1 1 1 1 1 1 1 1 1 1 1 1 1 1 0 0 0 0 0 0 1 1 1 1 1 1 1 1 1 1 1 1 1 1 1 1 1 1 1 1 1 1 1 1 1 1 1 1 
0 1 1 1 1 1 1 1 1 1 1 1 1 1 1 1 1 1 1 1 1 1 1 1 1 1 1 1 1 1 1 1 0 0 0 0 0 0 1 1 1 1 1 1 1 1 1 1 1 1 1 1 1 1 1 1 1 1 1 1 1 1 1 1 1 1 
0 1 1 1 1 1 1 1 1 1 1 1 1 1 1 1 1 1 1 1 1 1 1 1 1 1 1 1 1 1 1 1 0 0 0 0 0 0 1 1 1 1 1 1 1 1 1 1 1 1 1 1 1 1 1 1 1 1 1 1 1 1 1 1 1 1 
0 1 1 1 1 1 1 1 1 1 1 1 1 1 1 1 1 1 1 1 1 1 1 1 1 1 1 1 1 1 1 1 0 0 0 0 0 0 1 1 1 1 1 1 1 1 1 1 1 1 1 1 1 1 1 1 1 1 1 1 1 1 1 1 1 1 
0 1 1 1 1 1 1 1 1 1 1 1 1 1 1 1 1 1 1 1 1 1 1 1 1 1 1 1 1 1 1 1 1 1 1 1 1 1 0 0 0 0 1 1 1 1 1 1 1 1 1 1 1 1 1 1 1 1 1 1 1 1 1 1 1 1 
0 1 1 1 1 1 1 1 1 1 1 1 1 1 1 1 1 1 1 1 1 1 1 1 1 1 1 1 1 1 1 1 1 1 1 1 1 1 0 0 0 0 1 1 1 1 1 1 1 1 1 1 1 1 1 1 1 1 1 1 1 1 1 1 1 1 
0 1 1 1 1 1 1 1 1 1 1 1 1 1 1 1 1 1 1 1 1 1 1 1 1 1 1 1 1 1 1 1 1 1 1 1 1 1 0 0 0 0 1 1 1 1 1 1 1 1 1 1 1 1 1 1 1 1 1 1 1 1 1 1 1 1 
0 1 1 1 1 1 1 1 1 1 1 1 1 1 1 1 1 1 1 1 1 1 1 1 1 1 1 1 1 1 1 1 1 1 1 1 1 1 0 0 0 0 1 1 1 1 1 1 1 1 1 1 1 1 1 1 1 1 1 1 1 1 1 1 1 1 
0 1 1 1 1 1 1 1 1 1 1 1 1 1 1 1 1 1 1 1 1 1 1 1 1 1 1 1 1 1 1 1 1 1 1 1 1 1 1 1 1 1 0 0 0 1 1 1 1 1 1 1 1 1 1 1 1 1 1 1 1 1 1 1 1 1 
0 1 1 1 1 1 1 1 1 1 1 1 1 1 1 1 1 1 1 1 1 1 1 1 1 1 1 1 1 1 1 1 1 1 1 1 1 1 1 1 1 1 0 0 0 1 1 1 1 1 1 1 1 1 1 1 1 1 1 1 1 1 1 1 1 1 
0 1 1 1 1 1 1 1 1 1 1 1 1 1 1 1 1 1 1 1 1 1 1 1 1 1 1 1 1 1 1 1 1 1 1 1 1 1 1 1 1 1 0 0 0 1 1 1 1 1 1 1 1 1 1 1 1 1 1 1 1 1 1 1 1 1 
0 1 1 1 1 1 1 1 1 1 1 1 1 1 1 1 1 1 1 1 1 1 1 1 1 1 1 1 1 1 1 1 1 1 1 1 1 1 1 1 1 1 1 1 1 0 0 0 0 0 0 1 1 1 1 1 1 1 1 1 1 1 1 1 1 1 
0 1 1 1 1 1 1 1 1 1 1 1 1 1 1 1 1 1 1 1 1 1 1 1 1 1 1 1 1 1 1 1 1 1 1 1 1 1 1 1 1 1 1 1 1 0 0 0 0 0 0 1 1 1 1 1 1 1 1 1 1 1 1 1 1 1 
0 1 1 1 1 1 1 1 1 1 1 1 1 1 1 1 1 1 1 1 1 1 1 1 1 1 1 1 1 1 1 1 1 1 1 1 1 1 1 1 1 1 1 1 1 0 0 0 0 0 0 1 1 1 1 1 1 1 1 1 1 1 1 1 1 1 
0 1 1 1 1 1 1 1 1 1 1 1 1 1 1 1 1 1 1 1 1 1 1 1 1 1 1 1 1 1 1 1 1 1 1 1 1 1 1 1 1 1 1 1 1 0 0 0 0 0 0 1 1 1 1 1 1 1 1 1 1 1 1 1 1 1 
0 1 1 1 1 1 1 1 1 1 1 1 1 1 1 1 1 1 1 1 1 1 1 1 1 1 1 1 1 1 1 1 1 1 1 1 1 1 1 1 1 1 1 1 1 0 0 0 0 0 0 1 1 1 1 1 1 1 1 1 1 1 1 1 1 1 
0 1 1 1 1 1 1 1 1 1 1 1 1 1 1 1 1 1 1 1 1 1 1 1 1 1 1 1 1 1 1 1 1 1 1 1 1 1 1 1 1 1 1 1 1 0 0 0 0 0 0 1 1 1 1 1 1 1 1 1 1 1 1 1 1 1 
0 1 1 1 1 1 1 1 1 1 1 1 1 1 1 1 1 1 1 1 1 1 1 1 1 1 1 1 1 1 1 1 1 1 1 1 1 1 1 1 1 1 1 1 1 1 1 1 1 1 1 0 0 0 0 0 1 1 1 1 1 1 1 1 1 1 
0 1 1 1 1 1 1 1 1 1 1 1 1 1 1 1 1 1 1 1 1 1 1 1 1 1 1 1 1 1 1 1 1 1 1 1 1 1 1 1 1 1 1 1 1 1 1 1 1 1 1 0 0 0 0 0 1 1 1 1 1 1 1 1 1 1 
0 1 1 1 1 1 1 1 1 1 1 1 1 1 1 1 1 1 1 1 1 1 1 1 1 1 1 1 1 1 1 1 1 1 1 1 1 1 1 1 1 1 1 1 1 1 1 1 1 1 1 0 0 0 0 0 1 1 1 1 1 1 1 1 1 1 
0 1 1 1 1 1 1 1 1 1 1 1 1 1 1 1 1 1 1 1 1 1 1 1 1 1 1 1 1 1 1 1 1 1 1 1 1 1 1 1 1 1 1 1 1 1 1 1 1 1 1 0 0 0 0 0 1 1 1 1 1 1 1 1 1 1 
0 1 1 1 1 1 1 1 1 1 1 1 1 1 1 1 1 1 1 1 1 1 1 1 1 1 1 1 1 1 1 1 1 1 1 1 1 1 1 1 1 1 1 1 1 1 1 1 1 1 1 0 0 0 0 0 1 1 1 1 1 1 1 1 1 1 
0 1 1 1 1 1 1 1 1 1 1 1 1 1 1 1 1 1 1 1 1 1 1 1 1 1 1 1 1 1 1 1 1 1 1 1 1 1 1 1 1 1 1 1 1 1 1 1 1 1 1 1 1 1 1 1 0 0 0 0 1 1 1 1 1 1 
0 1 1 1 1 1 1 1 1 1 1 1 1 1 1 1 1 1 1 1 1 1 1 1 1 1 1 1 1 1 1 1 1 1 1 1 1 1 1 1 1 1 1 1 1 1 1 1 1 1 1 1 1 1 1 1 0 0 0 0 1 1 1 1 1 1 
0 1 1 1 1 1 1 1 1 1 1 1 1 1 1 1 1 1 1 1 1 1 1 1 1 1 1 1 1 1 1 1 1 1 1 1 1 1 1 1 1 1 1 1 1 1 1 1 1 1 1 1 1 1 1 1 0 0 0 0 1 1 1 1 1 1 
0 1 1 1 1 1 1 1 1 1 1 1 1 1 1 1 1 1 1 1 1 1 1 1 1 1 1 1 1 1 1 1 1 1 1 1 1 1 1 1 1 1 1 1 1 1 1 1 1 1 1 1 1 1 1 1 0 0 0 0 1 1 1 1 1 1 
0 1 1 1 1 1 1 1 1 1 1 1 1 1 1 1 1 1 1 1 1 1 1 1 1 1 1 1 1 1 1 1 1 1 1 1 1 1 1 1 1 1 1 1 1 1 1 1 1 1 1 1 1 1 1 1 1 1 1 1 0 0 0 0 0 0 
0 1 1 1 1 1 1 1 1 1 1 1 1 1 1 1 1 1 1 1 1 1 1 1 1 1 1 1 1 1 1 1 1 1 1 1 1 1 1 1 1 1 1 1 1 1 1 1 1 1 1 1 1 1 1 1 1 1 1 1 0 0 0 0 0 0 
0 1 1 1 1 1 1 1 1 1 1 1 1 1 1 1 1 1 1 1 1 1 1 1 1 1 1 1 1 1 1 1 1 1 1 1 1 1 1 1 1 1 1 1 1 1 1 1 1 1 1 1 1 1 1 1 1 1 1 1 0 0 0 0 0 0 
0 1 1 1 1 1 1 1 1 1 1 1 1 1 1 1 1 1 1 1 1 1 1 1 1 1 1 1 1 1 1 1 1 1 1 1 1 1 1 1 1 1 1 1 1 1 1 1 1 1 1 1 1 1 1 1 1 1 1 1 0 0 0 0 0 0 
0 1 1 1 1 1 1 1 1 1 1 1 1 1 1 1 1 1 1 1 1 1 1 1 1 1 1 1 1 1 1 1 1 1 1 1 1 1 1 1 1 1 1 1 1 1 1 1 1 1 1 1 1 1 1 1 1 1 1 1 0 0 0 0 0 0 
0 1 1 1 1 1 1 1 1 1 1 1 1 1 1 1 1 1 1 1 1 1 1 1 1 1 1 1 1 1 1 1 1 1 1 1 1 1 1 1 1 1 1 1 1 1 1 1 1 1 1 1 1 1 1 1 1 1 1 1 0 0 0 0 0 0 

0 1 1 1 1 1 1 1 1 1 1 1 1 1 1 1 1 1 1 1 1 1 1 1 1 1 1 1 1 1 1 1 1 1 1 1 1 1 1 1 1 1 1 1 1 1 1 1 1 1 1 1 1 1 1 1 1 1 1 1 1 1 1 1 1 1 
0 0 0 0 0 1 1 1 1 1 1 1 1 1 1 1 1 1 1 1 1 1 1 1 1 1 1 1 1 1 1 1 1 1 1 1 1 1 1 1 1 1 1 1 1 1 1 1 1 1 1 1 1 1 1 1 1 1 1 1 1 1 1 1 1 1 
0 0 0 0 0 1 1 1 1 1 1 1 1 1 1 1 1 1 1 1 1 1 1 1 1 1 1 1 1 1 1 1 1 1 1 1 1 1 1 1 1 1 1 1 1 1 1 1 1 1 1 1 1 1 1 1 1 1 1 1 1 1 1 1 1 1 
0 0 0 0 0 1 1 1 1 1 1 1 1 1 1 1 1 1 1 1 1 1 1 1 1 1 1 1 1 1 1 1 1 1 1 1 1 1 1 1 1 1 1 1 1 1 1 1 1 1 1 1 1 1 1 1 1 1 1 1 1 1 1 1 1 1 
0 0 0 0 0 1 1 1 1 1 1 1 1 1 1 1 1 1 1 1 1 1 1 1 1 1 1 1 1 1 1 1 1 1 1 1 1 1 1 1 1 1 1 1 1 1 1 1 1 1 1 1 1 1 1 1 1 1 1 1 1 1 1 1 1 1 
0 1 1 1 1 0 0 0 0 0 0 0 1 1 1 1 1 1 1 1 1 1 1 1 1 1 1 1 1 1 1 1 1 1 1 1 1 1 1 1 1 1 1 1 1 1 1 1 1 1 1 1 1 1 1 1 1 1 1 1 1 1 1 1 1 1 
0 1 1 1 1 0 0 0 0 0 0 0 1 1 1 1 1 1 1 1 1 1 1 1 1 1 1 1 1 1 1 1 1 1 1 1 1 1 1 1 1 1 1 1 1 1 1 1 1 1 1 1 1 1 1 1 1 1 1 1 1 1 1 1 1 1 
0 1 1 1 1 0 0 0 0 0 0 0 1 1 1 1 1 1 1 1 1 1 1 1 1 1 1 1 1 1 1 1 1 1 1 1 1 1 1 1 1 1 1 1 1 1 1 1 1 1 1 1 1 1 1 1 1 1 1 1 1 1 1 1 1 1 
0 1 1 1 1 0 0 0 0 0 0 0 1 1 1 1 1 1 1 1 1 1 1 1 1 1 1 1 1 1 1 1 1 1 1 1 1 1 1 1 1 1 1 1 1 1 1 1 1 1 1 1 1 1 1 1 1 1 1 1 1 1 1 1 1 1 
0 1 1 1 1 0 0 0 0 0 0 0 1 1 1 1 1 1 1 1 1 1 1 1 1 1 1 1 1 1 1 1 1 1 1 1 1 1 1 1 1 1 1 1 1 1 1 1 1 1 1 1 1 1 1 1 1 1 1 1 1 1 1 1 1 1 
0 1 1 1 1 0 0 0 0 0 0 0 1 1 1 1 1 1 1 1 1 1 1 1 1 1 1 1 1 1 1 1 1 1 1 1 1 1 1 1 1 1 1 1 1 1 1 1 1 1 1 1 1 1 1 1 1 1 1 1 1 1 1 1 1 1 
0 1 1 1 1 0 0 0 0 0 0 0 1 1 1 1 1 1 1 1 1 1 1 1 1 1 1 1 1 1 1 1 1 1 1 1 1 1 1 1 1 1 1 1 1 1 1 1 1 1 1 1 1 1 1 1 1 1 1 1 1 1 1 1 1 1 
0 1 1 1 1 1 1 1 1 1 1 1 0 0 0 1 1 1 1 1 1 1 1 1 1 1 1 1 1 1 1 1 1 1 1 1 1 1 1 1 1 1 1 1 1 1 1 1 1 1 1 1 1 1 1 1 1 1 1 1 1 1 1 1 1 1 
0 1 1 1 1 1 1 1 1 1 1 1 0 0 0 1 1 1 1 1 1 1 1 1 1 1 1 1 1 1 1 1 1 1 1 1 1 1 1 1 1 1 1 1 1 1 1 1 1 1 1 1 1 1 1 1 1 1 1 1 1 1 1 1 1 1 
0 1 1 1 1 1 1 1 1 1 1 1 0 0 0 1 1 1 1 1 1 1 1 1 1 1 1 1 1 1 1 1 1 1 1 1 1 1 1 1 1 1 1 1 1 1 1 1 1 1 1 1 1 1 1 1 1 1 1 1 1 1 1 1 1 1 
0 1 1 1 1 1 1 1 1 1 1 1 1 1 1 0 0 0 1 1 1 1 1 1 1 1 1 1 1 1 1 1 1 1 1 1 1 1 1 1 1 1 1 1 1 1 1 1 1 1 1 1 1 1 1 1 1 1 1 1 1 1 1 1 1 1 
0 1 1 1 1 1 1 1 1 1 1 1 1 1 1 0 0 0 1 1 1 1 1 1 1 1 1 1 1 1 1 1 1 1 1 1 1 1 1 1 1 1 1 1 1 1 1 1 1 1 1 1 1 1 1 1 1 1 1 1 1 1 1 1 1 1 
0 1 1 1 1 1 1 1 1 1 1 1 1 1 1 0 0 0 1 1 1 1 1 1 1 1 1 1 1 1 1 1 1 1 1 1 1 1 1 1 1 1 1 1 1 1 1 1 1 1 1 1 1 1 1 1 1 1 1 1 1 1 1 1 1 1 
0 1 1 1 1 1 1 1 1 1 1 1 1 1 1 1 1 1 0 0 0 1 1 1 1 1 1 1 1 1 1 1 1 1 1 1 1 1 1 1 1 1 1 1 1 1 1 1 1 1 1 1 1 1 1 1 1 1 1 1 1 1 1 1 1 1 
0 1 1 1 1 1 1 1 1 1 1 1 1 1 1 1 1 1 0 0 0 1 1 1 1 1 1 1 1 1 1 1 1 1 1 1 1 1 1 1 1 1 1 1 1 1 1 1 1 1 1 1 1 1 1 1 1 1 1 1 1 1 1 1 1 1 
0 1 1 1 1 1 1 1 1 1 1 1 1 1 1 1 1 1 0 0 0 1 1 1 1 1 1 1 1 1 1 1 1 1 1 1 1 1 1 1 1 1 1 1 1 1 1 1 1 1 1 1 1 1 1 1 1 1 1 1 1 1 1 1 1 1 
0 1 1 1 1 1 1 1 1 1 1 1 1 1 1 1 1 1 1 1 1 0 0 0 0 0 0 1 1 1 1 1 1 1 1 1 1 1 1 1 1 1 1 1 1 1 1 1 1 1 1 1 1 1 1 1 1 1 1 1 1 1 1 1 1 1 
0 1 1 1 1 1 1 1 1 1 1 1 1 1 1 1 1 1 1 1 1 0 0 0 0 0 0 1 1 1 1 1 1 1 1 1 1 1 1 1 1 1 1 1 1 1 1 1 1 1 1 1 1 1 1 1 1 1 1 1 1 1 1 1 1 1 
0 1 1 1 1 1 1 1 1 1 1 1 1 1 1 1 1 1 1 1 1 0 0 0 0 0 0 1 1 1 1 1 1 1 1 1 1 1 1 1 1 1 1 1 1 1 1 1 1 1 1 1 1 1 1 1 1 1 1 1 1 1 1 1 1 1 
0 1 1 1 1 1 1 1 1 1 1 1 1 1 1 1 1 1 1 1 1 0 0 0 0 0 0 1 1 1 1 1 1 1 1 1 1 1 1 1 1 1 1 1 1 1 1 1 1 1 1 1 1 1 1 1 1 1 1 1 1 1 1 1 1 1 
0 1 1 1 1 1 1 1 1 1 1 1 1 1 1 1 1 1 1 1 1 0 0 0 0 0 0 1 1 1 1 1 1 1 1 1 1 1 1 1 1 1 1 1 1 1 1 1 1 1 1 1 1 1 1 1 1 1 1 1 1 1 1 1 1 1 
0 1 1 1 1 1 1 1 1 1 1 1 1 1 1 1 1 1 1 1 1 0 0 0 0 0 0 1 1 1 1 1 1 1 1 1 1 1 1 1 1 1 1 1 1 1 1 1 1 1 1 1 1 1 1 1 1 1 1 1 1 1 1 1 1 1 
0 1 1 1 1 1 1 1 1 1 1 1 1 1 1 1 1 1 1 1 1 1 1 1 1 1 1 0 0 0 0 0 1 1 1 1 1 1 1 1 1 1 1 1 1 1 1 1 1 1 1 1 1 1 1 1 1 1 1 1 1 1 1 1 1 1 
0 1 1 1 1 1 1 1 1 1 1 1 1 1 1 1 1 1 1 1 1 1 1 1 1 1 1 0 0 0 0 0 1 1 1 1 1 1 1 1 1 1 1 1 1 1 1 1 1 1 1 1 1 1 1 1 1 1 1 1 1 1 1 1 1 1 
0 1 1 1 1 1 1 1 1 1 1 1 1 1 1 1 1 1 1 1 1 1 1 1 1 1 1 0 0 0 0 0 1 1 1 1 1 1 1 1 1 1 1 1 1 1 1 1 1 1 1 1 1 1 1 1 1 1 1 1 1 1 1 1 1 1 
0 1 1 1 1 1 1 1 1 1 1 1 1 1 1 1 1 1 1 1 1 1 1 1 1 1 1 0 0 0 0 0 1 1 1 1 1 1 1 1 1 1 1 1 1 1 1 1 1 1 1 1 1 1 1 1 1 1 1 1 1 1 1 1 1 1 
0 1 1 1 1 1 1 1 1 1 1 1 1 1 1 1 1 1 1 1 1 1 1 1 1 1 1 0 0 0 0 0 1 1 1 1 1 1 1 1 1 1 1 1 1 1 1 1 1 1 1 1 1 1 1 1 1 1 1 1 1 1 1 1 1 1 
0 1 1 1 1 1 1 1 1 1 1 1 1 1 1 1 1 1 1 1 1 1 1 1 1 1 1 1 1 1 1 1 0 0 0 0 0 0 1 1 1 1 1 1 1 1 1 1 1 1 1 1 1 1 1 1 1 1 1 1 1 1 1 1 1 1 
0 1 1 1 1 1 1 1 1 1 1 1 1 1 1 1 1 1 1 1 1 1 1 1 1 1 1 1 1 1 1 1 0 0 0 0 0 0 1 1 1 1 1 1 1 1 1 1 1 1 1 1 1 1 1 1 1 1 1 1 1 1 1 1 1 1 
0 1 1 1 1 1 1 1 1 1 1 1 1 1 1 1 1 1 1 1 1 1 1 1 1 1 1 1 1 1 1 1 0 0 0 0 0 0 1 1 1 1 1 1 1 1 1 1 1 1 1 1 1 1 1 1 1 1 1 1 1 1 1 1 1 1 
0 1 1 1 1 1 1 1 1 1 1 1 1 1 1 1 1 1 1 1 1 1 1 1 1 1 1 1 1 1 1 1 0 0 0 0 0 0 1 1 1 1 1 1 1 1 1 1 1 1 1 1 1 1 1 1 1 1 1 1 1 1 1 1 1 1 
0 1 1 1 1 1 1 1 1 1 1 1 1 1 1 1 1 1 1 1 1 1 1 1 1 1 1 1 1 1 1 1 0 0 0 0 0 0 1 1 1 1 1 1 1 1 1 1 1 1 1 1 1 1 1 1 1 1 1 1 1 1 1 1 1 1 
0 1 1 1 1 1 1 1 1 1 1 1 1 1 1 1 1 1 1 1 1 1 1 1 1 1 1 1 1 1 1 1 0 0 0 0 0 0 1 1 1 1 1 1 1 1 1 1 1 1 1 1 1 1 1 1 1 1 1 1 1 1 1 1 1 1 
0 1 1 1 1 1 1 1 1 1 1 1 1 1 1 1 1 1 1 1 1 1 1 1 1 1 1 1 1 1 1 1 1 1 1 1 1 1 0 0 0 0 1 1 1 1 1 1 1 1 1 1 1 1 1 1 1 1 1 1 1 1 1 1 1 1 
0 1 1 1 1 1 1 1 1 1 1 1 1 1 1 1 1 1 1 1 1 1 1 1 1 1 1 1 1 1 1 1 1 1 1 1 1 1 0 0 0 0 1 1 1 1 1 1 1 1 1 1 1 1 1 1 1 1 1 1 1 1 1 1 1 1 
0 1 1 1 1 1 1 1 1 1 1 1 1 1 1 1 1 1 1 1 1 1 1 1 1 1 1 1 1 1 1 1 1 1 1 1 1 1 0 0 0 0 1 1 1 1 1 1 1 1 1 1 1 1 1 1 1 1 1 1 1 1 1 1 1 1 
0 1 1 1 1 1 1 1 1 1 1 1 1 1 1 1 1 1 1 1 1 1 1 1 1 1 1 1 1 1 1 1 1 1 1 1 1 1 0 0 0 0 1 1 1 1 1 1 1 1 1 1 1 1 1 1 1 1 1 1 1 1 1 1 1 1 
0 1 1 1 1 1 1 1 1 1 1 1 1 1 1 1 1 1 1 1 1 1 1 1 1 1 1 1 1 1 1 1 1 1 1 1 1 1 1 1 1 1 0 0 0 1 1 1 1 1 1 1 1 1 1 1 1 1 1 1 1 1 1 1 1 1 
0 1 1 1 1 1 1 1 1 1 1 1 1 1 1 1 1 1 1 1 1 1 1 1 1 1 1 1 1 1 1 1 1 1 1 1 1 1 1 1 1 1 0 0 0 1 1 1 1 1 1 1 1 1 1 1 1 1 1 1 1 1 1 1 1 1 
0 1 1 1 1 1 1 1 1 1 1 1 1 1 1 1 1 1 1 1 1 1 1 1 1 1 1 1 1 1 1 1 1 1 1 1 1 1 1 1 1 1 0 0 0 1 1 1 1 1 1 1 1 1 1 1 1 1 1 1 1 1 1 1 1 1 
0 1 1 1 1 1 1 1 1 1 1 1 1 1 1 1 1 1 1 1 1 1 1 1 1 1 1 1 1 1 1 1 1 1 1 1 1 1 1 1 1 1 1 1 1 0 0 0 0 0 0 1 1 1 1 1 1 1 1 1 1 1 1 1 1 1 
0 1 1 1 1 1 1 1 1 1 1 1 1 1 1 1 1 1 1 1 1 1 1 1 1 1 1 1 1 1 1 1 1 1 1 1 1 1 1 1 1 1 1 1 1 0 0 0 0 0 0 1 1 1 1 1 1 1 1 1 1 1 1 1 1 1 
0 1 1 1 1 1 1 1 1 1 1 1 1 1 1 1 1 1 1 1 1 1 1 1 1 1 1 1 1 1 1 1 1 1 1 1 1 1 1 1 1 1 1 1 1 0 0 0 0 0 0 1 1 1 1 1 1 1 1 1 1 1 1 1 1 1 
0 1 1 1 1 1 1 1 1 1 1 1 1 1 1 1 1 1 1 1 1 1 1 1 1 1 1 1 1 1 1 1 1 1 1 1 1 1 1 1 1 1 1 1 1 0 0 0 0 0 0 1 1 1 1 1 1 1 1 1 1 1 1 1 1 1 
0 1 1 1 1 1 1 1 1 1 1 1 1 1 1 1 1 1 1 1 1 1 1 1 1 1 1 1 1 1 1 1 1 1 1 1 1 1 1 1 1 1 1 1 1 0 0 0 0 0 0 1 1 1 1 1 1 1 1 1 1 1 1 1 1 1 
0 1 1 1 1 1 1 1 1 1 1 1 1 1 1 1 1 1 1 1 1 1 1 1 1 1 1 1 1 1 1 1 1 1 1 1 1 1 1 1 1 1 1 1 1 0 0 0 0 0 0 1 1 1 1 1 1 1 1 1 1 1 1 1 1 1 
0 1 1 1 1 1 1 1 1 1 1 1 1 1 1 1 1 1 1 1 1 1 1 1 1 1 1 1 1 1 1 1 1 1 1 1 1 1 1 1 1 1 1 1 1 1 1 1 1 1 1 0 0 0 0 0 1 1 1 1 1 1 1 1 1 1 
0 1 1 1 1 1 1 1 1 1 1 1 1 1 1 1 1 1 1 1 1 1 1 1 1 1 1 1 1 1 1 1 1 1 1 1 1 1 1 1 1 1 1 1 1 1 1 1 1 1 1 0 0 0 0 0 1 1 1 1 1 1 1 1 1 1 
0 1 1 1 1 1 1 1 1 1 1 1 1 1 1 1 1 1 1 1 1 1 1 1 1 1 1 1 1 1 1 1 1 1 1 1 1 1 1 1 1 1 1 1 1 1 1 1 1 1 1 0 0 0 0 0 1 1 1 1 1 1 1 1 1 1 
0 1 1 1 1 1 1 1 1 1 1 1 1 1 1 1 1 1 1 1 1 1 1 1 1 1 1 1 1 1 1 1 1 1 1 1 1 1 1 1 1 1 1 1 1 1 1 1 1 1 1 0 0 0 0 0 1 1 1 1 1 1 1 1 1 1 
0 1 1 1 1 1 1 1 1 1 1 1 1 1 1 1 1 1 1 1 1 1 1 1 1 1 1 1 1 1 1 1 1 1 1 1 1 1 1 1 1 1 1 1 1 1 1 1 1 1 1 0 0 0 0 0 1 1 1 1 1 1 1 1 1 1 
0 1 1 1 1 1 1 1 1 1 1 1 1 1 1 1 1 1 1 1 1 1 1 1 1 1 1 1 1 1 1 1 1 1 1 1 1 1 1 1 1 1 1 1 1 1 1 1 1 1 1 1 1 1 1 1 0 0 0 0 1 1 1 1 1 1 
0 1 1 1 1 1 1 1 1 1 1 1 1 1 1 1 1 1 1 1 1 1 1 1 1 1 1 1 1 1 1 1 1 1 1 1 1 1 1 1 1 1 1 1 1 1 1 1 1 1 1 1 1 1 1 1 0 0 0 0 1 1 1 1 1 1 
0 1 1 1 1 1 1 1 1 1 1 1 1 1 1 1 1 1 1 1 1 1 1 1 1 1 1 1 1 1 1 1 1 1 1 1 1 1 1 1 1 1 1 1 1 1 1 1 1 1 1 1 1 1 1 1 0 0 0 0 1 1 1 1 1 1 
0 1 1 1 1 1 1 1 1 1 1 1 1 1 1 1 1 1 1 1 1 1 1 1 1 1 1 1 1 1 1 1 1 1 1 1 1 1 1 1 1 1 1 1 1 1 1 1 1 1 1 1 1 1 1 1 0 0 0 0 1 1 1 1 1 1 
0 1 1 1 1 1 1 1 1 1 1 1 1 1 1 1 1 1 1 1 1 1 1 1 1 1 1 1 1 1 1 1 1 1 1 1 1 1 1 1 1 1 1 1 1 1 1 1 1 1 1 1 1 1 1 1 1 1 1 1 0 0 0 0 0 0 
0 1 1 1 1 1 1 1 1 1 1 1 1 1 1 1 1 1 1 1 1 1 1 1 1 1 1 1 1 1 1 1 1 1 1 1 1 1 1 1 1 1 1 1 1 1 1 1 1 1 1 1 1 1 1 1 1 1 1 1 0 0 0 0 0 0 
0 1 1 1 1 1 1 1 1 1 1 1 1 1 1 1 1 1 1 1 1 1 1 1 1 1 1 1 1 1 1 1 1 1 1 1 1 1 1 1 1 1 1 1 1 1 1 1 1 1 1 1 1 1 1 1 1 1 1 1 0 0 0 0 0 0 
0 1 1 1 1 1 1 1 1 1 1 1 1 1 1 1 1 1 1 1 1 1 1 1 1 1 1 1 1 1 1 1 1 1 1 1 1 1 1 1 1 1 1 1 1 1 1 1 1 1 1 1 1 1 1 1 1 1 1 1 0 0 0 0 0 0 
0 1 1 1 1 1 1 1 1 1 1 1 1 1 1 1 1 1 1 1 1 1 1 1 1 1 1 1 1 1 1 1 1 1 1 1 1 1 1 1 1 1 1 1 1 1 1 1 1 1 1 1 1 1 1 1 1 1 1 1 0 0 0 0 0 0 
0 1 1 1 1 1 1 1 1 1 1 1 1 1 1 1 1 1 1 1 1 1 1 1 1 1 1 1 1 1 1 1 1 1 1 1 1 1 1 1 1 1 1 1 1 1 1 1 1 1 1 1 1 1 1 1 1 1 1 1 0 0 0 0 0 0 

12
14
