26 
12 

2 
2 
3 
2 
2 
2 
2 
2 
3 
2 
2 
2 

58 

25 25 24.1935 24.1935 22.0588 22.0588 22.0588 24.5902 24.5902 21.7391 21.7391 27.7778 27.7778 31.25 31.25 23.0769 23.0769 23.0769 23.0769 23.0769 22.0588 22.0588 31.25 31.25 20 20 
25 25 24.1935 24.1935 22.0588 22.0588 22.0588 24.5902 24.5902 21.7391 21.7391 27.7778 27.7778 31.25 31.25 23.0769 23.0769 23.0769 23.0769 23.0769 22.0588 22.0588 31.25 31.25 20 20 
25 25 24.1935 24.1935 22.0588 22.0588 22.0588 24.5902 24.5902 21.7391 21.7391 27.7778 27.7778 31.25 31.25 23.0769 23.0769 23.0769 23.0769 23.0769 22.0588 22.0588 31.25 31.25 20 20 
25 25 24.1935 24.1935 22.0588 22.0588 22.0588 24.5902 24.5902 21.7391 21.7391 27.7778 27.7778 31.25 31.25 23.0769 23.0769 23.0769 23.0769 23.0769 22.0588 22.0588 31.25 31.25 20 20 
12 12 11.6129 11.6129 10.5882 10.5882 10.5882 11.8033 11.8033 10.4348 10.4348 13.3333 13.3333 15 15 11.0769 11.0769 11.0769 11.0769 11.0769 10.5882 10.5882 15 15 9.6 9.6 
25 25 24.1935 24.1935 22.0588 22.0588 22.0588 24.5902 24.5902 21.7391 21.7391 27.7778 27.7778 31.25 31.25 23.0769 23.0769 23.0769 23.0769 23.0769 22.0588 22.0588 31.25 31.25 20 20 
25 25 24.1935 24.1935 22.0588 22.0588 22.0588 24.5902 24.5902 21.7391 21.7391 27.7778 27.7778 31.25 31.25 23.0769 23.0769 23.0769 23.0769 23.0769 22.0588 22.0588 31.25 31.25 20 20 
25 25 24.1935 24.1935 22.0588 22.0588 22.0588 24.5902 24.5902 21.7391 21.7391 27.7778 27.7778 31.25 31.25 23.0769 23.0769 23.0769 23.0769 23.0769 22.0588 22.0588 31.25 31.25 20 20 
25 25 24.1935 24.1935 22.0588 22.0588 22.0588 24.5902 24.5902 21.7391 21.7391 27.7778 27.7778 31.25 31.25 23.0769 23.0769 23.0769 23.0769 23.0769 22.0588 22.0588 31.25 31.25 20 20 
25 25 24.1935 24.1935 22.0588 22.0588 22.0588 24.5902 24.5902 21.7391 21.7391 27.7778 27.7778 31.25 31.25 23.0769 23.0769 23.0769 23.0769 23.0769 22.0588 22.0588 31.25 31.25 20 20 
8 8 7.74194 7.74194 7.05882 7.05882 7.05882 7.86885 7.86885 6.95652 6.95652 8.88889 8.88889 10 10 7.38462 7.38462 7.38462 7.38462 7.38462 7.05882 7.05882 10 10 6.4 6.4 
25 25 24.1935 24.1935 22.0588 22.0588 22.0588 24.5902 24.5902 21.7391 21.7391 27.7778 27.7778 31.25 31.25 23.0769 23.0769 23.0769 23.0769 23.0769 22.0588 22.0588 31.25 31.25 20 20 
25 25 24.1935 24.1935 22.0588 22.0588 22.0588 24.5902 24.5902 21.7391 21.7391 27.7778 27.7778 31.25 31.25 23.0769 23.0769 23.0769 23.0769 23.0769 22.0588 22.0588 31.25 31.25 20 20 
25 25 24.1935 24.1935 22.0588 22.0588 22.0588 24.5902 24.5902 21.7391 21.7391 27.7778 27.7778 31.25 31.25 23.0769 23.0769 23.0769 23.0769 23.0769 22.0588 22.0588 31.25 31.25 20 20 
5 5 4.83871 4.83871 4.41176 4.41176 4.41176 4.91803 4.91803 4.34783 4.34783 5.55556 5.55556 6.25 6.25 4.61538 4.61538 4.61538 4.61538 4.61538 4.41176 4.41176 6.25 6.25 4 4 
25 25 24.1935 24.1935 22.0588 22.0588 22.0588 24.5902 24.5902 21.7391 21.7391 27.7778 27.7778 31.25 31.25 23.0769 23.0769 23.0769 23.0769 23.0769 22.0588 22.0588 31.25 31.25 20 20 
25 25 24.1935 24.1935 22.0588 22.0588 22.0588 24.5902 24.5902 21.7391 21.7391 27.7778 27.7778 31.25 31.25 23.0769 23.0769 23.0769 23.0769 23.0769 22.0588 22.0588 31.25 31.25 20 20 
20 20 19.3548 19.3548 17.6471 17.6471 17.6471 19.6721 19.6721 17.3913 17.3913 22.2222 22.2222 25 25 18.4615 18.4615 18.4615 18.4615 18.4615 17.6471 17.6471 25 25 16 16 
25 25 24.1935 24.1935 22.0588 22.0588 22.0588 24.5902 24.5902 21.7391 21.7391 27.7778 27.7778 31.25 31.25 23.0769 23.0769 23.0769 23.0769 23.0769 22.0588 22.0588 31.25 31.25 20 20 
25 25 24.1935 24.1935 22.0588 22.0588 22.0588 24.5902 24.5902 21.7391 21.7391 27.7778 27.7778 31.25 31.25 23.0769 23.0769 23.0769 23.0769 23.0769 22.0588 22.0588 31.25 31.25 20 20 
25 25 24.1935 24.1935 22.0588 22.0588 22.0588 24.5902 24.5902 21.7391 21.7391 27.7778 27.7778 31.25 31.25 23.0769 23.0769 23.0769 23.0769 23.0769 22.0588 22.0588 31.25 31.25 20 20 
25 25 24.1935 24.1935 22.0588 22.0588 22.0588 24.5902 24.5902 21.7391 21.7391 27.7778 27.7778 31.25 31.25 23.0769 23.0769 23.0769 23.0769 23.0769 22.0588 22.0588 31.25 31.25 20 20 
22 22 21.2903 21.2903 19.4118 19.4118 19.4118 21.6393 21.6393 19.1304 19.1304 24.4444 24.4444 27.5 27.5 20.3077 20.3077 20.3077 20.3077 20.3077 19.4118 19.4118 27.5 27.5 17.6 17.6 
25 25 24.1935 24.1935 22.0588 22.0588 22.0588 24.5902 24.5902 21.7391 21.7391 27.7778 27.7778 31.25 31.25 23.0769 23.0769 23.0769 23.0769 23.0769 22.0588 22.0588 31.25 31.25 20 20 
11 11 10.6452 10.6452 9.70588 9.70588 9.70588 10.8197 10.8197 9.56522 9.56522 12.2222 12.2222 13.75 13.75 10.1538 10.1538 10.1538 10.1538 10.1538 9.70588 9.70588 13.75 13.75 8.8 8.8 
25 25 24.1935 24.1935 22.0588 22.0588 22.0588 24.5902 24.5902 21.7391 21.7391 27.7778 27.7778 31.25 31.25 23.0769 23.0769 23.0769 23.0769 23.0769 22.0588 22.0588 31.25 31.25 20 20 
25 25 24.1935 24.1935 22.0588 22.0588 22.0588 24.5902 24.5902 21.7391 21.7391 27.7778 27.7778 31.25 31.25 23.0769 23.0769 23.0769 23.0769 23.0769 22.0588 22.0588 31.25 31.25 20 20 
25 25 24.1935 24.1935 22.0588 22.0588 22.0588 24.5902 24.5902 21.7391 21.7391 27.7778 27.7778 31.25 31.25 23.0769 23.0769 23.0769 23.0769 23.0769 22.0588 22.0588 31.25 31.25 20 20 
16 16 15.4839 15.4839 14.1176 14.1176 14.1176 15.7377 15.7377 13.913 13.913 17.7778 17.7778 20 20 14.7692 14.7692 14.7692 14.7692 14.7692 14.1176 14.1176 20 20 12.8 12.8 
25 25 24.1935 24.1935 22.0588 22.0588 22.0588 24.5902 24.5902 21.7391 21.7391 27.7778 27.7778 31.25 31.25 23.0769 23.0769 23.0769 23.0769 23.0769 22.0588 22.0588 31.25 31.25 20 20 
25 25 24.1935 24.1935 22.0588 22.0588 22.0588 24.5902 24.5902 21.7391 21.7391 27.7778 27.7778 31.25 31.25 23.0769 23.0769 23.0769 23.0769 23.0769 22.0588 22.0588 31.25 31.25 20 20 
16 16 15.4839 15.4839 14.1176 14.1176 14.1176 15.7377 15.7377 13.913 13.913 17.7778 17.7778 20 20 14.7692 14.7692 14.7692 14.7692 14.7692 14.1176 14.1176 20 20 12.8 12.8 
25 25 24.1935 24.1935 22.0588 22.0588 22.0588 24.5902 24.5902 21.7391 21.7391 27.7778 27.7778 31.25 31.25 23.0769 23.0769 23.0769 23.0769 23.0769 22.0588 22.0588 31.25 31.25 20 20 
25 25 24.1935 24.1935 22.0588 22.0588 22.0588 24.5902 24.5902 21.7391 21.7391 27.7778 27.7778 31.25 31.25 23.0769 23.0769 23.0769 23.0769 23.0769 22.0588 22.0588 31.25 31.25 20 20 
14 14 13.5484 13.5484 12.3529 12.3529 12.3529 13.7705 13.7705 12.1739 12.1739 15.5556 15.5556 17.5 17.5 12.9231 12.9231 12.9231 12.9231 12.9231 12.3529 12.3529 17.5 17.5 11.2 11.2 
25 25 24.1935 24.1935 22.0588 22.0588 22.0588 24.5902 24.5902 21.7391 21.7391 27.7778 27.7778 31.25 31.25 23.0769 23.0769 23.0769 23.0769 23.0769 22.0588 22.0588 31.25 31.25 20 20 
25 25 24.1935 24.1935 22.0588 22.0588 22.0588 24.5902 24.5902 21.7391 21.7391 27.7778 27.7778 31.25 31.25 23.0769 23.0769 23.0769 23.0769 23.0769 22.0588 22.0588 31.25 31.25 20 20 
25 25 24.1935 24.1935 22.0588 22.0588 22.0588 24.5902 24.5902 21.7391 21.7391 27.7778 27.7778 31.25 31.25 23.0769 23.0769 23.0769 23.0769 23.0769 22.0588 22.0588 31.25 31.25 20 20 
25 25 24.1935 24.1935 22.0588 22.0588 22.0588 24.5902 24.5902 21.7391 21.7391 27.7778 27.7778 31.25 31.25 23.0769 23.0769 23.0769 23.0769 23.0769 22.0588 22.0588 31.25 31.25 20 20 
25 25 24.1935 24.1935 22.0588 22.0588 22.0588 24.5902 24.5902 21.7391 21.7391 27.7778 27.7778 31.25 31.25 23.0769 23.0769 23.0769 23.0769 23.0769 22.0588 22.0588 31.25 31.25 20 20 
15 15 14.5161 14.5161 13.2353 13.2353 13.2353 14.7541 14.7541 13.0435 13.0435 16.6667 16.6667 18.75 18.75 13.8462 13.8462 13.8462 13.8462 13.8462 13.2353 13.2353 18.75 18.75 12 12 
25 25 24.1935 24.1935 22.0588 22.0588 22.0588 24.5902 24.5902 21.7391 21.7391 27.7778 27.7778 31.25 31.25 23.0769 23.0769 23.0769 23.0769 23.0769 22.0588 22.0588 31.25 31.25 20 20 
25 25 24.1935 24.1935 22.0588 22.0588 22.0588 24.5902 24.5902 21.7391 21.7391 27.7778 27.7778 31.25 31.25 23.0769 23.0769 23.0769 23.0769 23.0769 22.0588 22.0588 31.25 31.25 20 20 
25 25 24.1935 24.1935 22.0588 22.0588 22.0588 24.5902 24.5902 21.7391 21.7391 27.7778 27.7778 31.25 31.25 23.0769 23.0769 23.0769 23.0769 23.0769 22.0588 22.0588 31.25 31.25 20 20 
25 25 24.1935 24.1935 22.0588 22.0588 22.0588 24.5902 24.5902 21.7391 21.7391 27.7778 27.7778 31.25 31.25 23.0769 23.0769 23.0769 23.0769 23.0769 22.0588 22.0588 31.25 31.25 20 20 
11 11 10.6452 10.6452 9.70588 9.70588 9.70588 10.8197 10.8197 9.56522 9.56522 12.2222 12.2222 13.75 13.75 10.1538 10.1538 10.1538 10.1538 10.1538 9.70588 9.70588 13.75 13.75 8.8 8.8 
25 25 24.1935 24.1935 22.0588 22.0588 22.0588 24.5902 24.5902 21.7391 21.7391 27.7778 27.7778 31.25 31.25 23.0769 23.0769 23.0769 23.0769 23.0769 22.0588 22.0588 31.25 31.25 20 20 
25 25 24.1935 24.1935 22.0588 22.0588 22.0588 24.5902 24.5902 21.7391 21.7391 27.7778 27.7778 31.25 31.25 23.0769 23.0769 23.0769 23.0769 23.0769 22.0588 22.0588 31.25 31.25 20 20 
6 6 5.80645 5.80645 5.29412 5.29412 5.29412 5.90164 5.90164 5.21739 5.21739 6.66667 6.66667 7.5 7.5 5.53846 5.53846 5.53846 5.53846 5.53846 5.29412 5.29412 7.5 7.5 4.8 4.8 
25 25 24.1935 24.1935 22.0588 22.0588 22.0588 24.5902 24.5902 21.7391 21.7391 27.7778 27.7778 31.25 31.25 23.0769 23.0769 23.0769 23.0769 23.0769 22.0588 22.0588 31.25 31.25 20 20 
25 25 24.1935 24.1935 22.0588 22.0588 22.0588 24.5902 24.5902 21.7391 21.7391 27.7778 27.7778 31.25 31.25 23.0769 23.0769 23.0769 23.0769 23.0769 22.0588 22.0588 31.25 31.25 20 20 
25 25 24.1935 24.1935 22.0588 22.0588 22.0588 24.5902 24.5902 21.7391 21.7391 27.7778 27.7778 31.25 31.25 23.0769 23.0769 23.0769 23.0769 23.0769 22.0588 22.0588 31.25 31.25 20 20 
1 1 0.967742 0.967742 0.882353 0.882353 0.882353 0.983607 0.983607 0.869565 0.869565 1.11111 1.11111 1.25 1.25 0.923077 0.923077 0.923077 0.923077 0.923077 0.882353 0.882353 1.25 1.25 0.8 0.8 
25 25 24.1935 24.1935 22.0588 22.0588 22.0588 24.5902 24.5902 21.7391 21.7391 27.7778 27.7778 31.25 31.25 23.0769 23.0769 23.0769 23.0769 23.0769 22.0588 22.0588 31.25 31.25 20 20 
25 25 24.1935 24.1935 22.0588 22.0588 22.0588 24.5902 24.5902 21.7391 21.7391 27.7778 27.7778 31.25 31.25 23.0769 23.0769 23.0769 23.0769 23.0769 22.0588 22.0588 31.25 31.25 20 20 
25 25 24.1935 24.1935 22.0588 22.0588 22.0588 24.5902 24.5902 21.7391 21.7391 27.7778 27.7778 31.25 31.25 23.0769 23.0769 23.0769 23.0769 23.0769 22.0588 22.0588 31.25 31.25 20 20 
25 25 24.1935 24.1935 22.0588 22.0588 22.0588 24.5902 24.5902 21.7391 21.7391 27.7778 27.7778 31.25 31.25 23.0769 23.0769 23.0769 23.0769 23.0769 22.0588 22.0588 31.25 31.25 20 20 
12 12 11.6129 11.6129 10.5882 10.5882 10.5882 11.8033 11.8033 10.4348 10.4348 13.3333 13.3333 15 15 11.0769 11.0769 11.0769 11.0769 11.0769 10.5882 10.5882 15 15 9.6 9.6 

25 25 32 32 25 25 25 40 40 42 42 36 36 33 33 28 28 40 40 40 36 36 30 30 35 35 

1 1 1 1 1 1 1 1 1 1 1 1 1 1 1 1 1 1 1 1 1 1 1 1 1 1 
1 1 1 1 1 1 1 1 1 1 1 1 1 1 1 1 1 1 1 1 1 1 1 1 1 1 
1 1 1 1 1 1 1 1 1 1 1 1 1 1 1 1 1 1 1 1 1 1 1 1 1 1 
1 1 1 1 1 1 1 1 1 1 1 1 1 1 1 1 1 1 1 1 1 1 1 1 1 1 
1 1 1 1 1 1 1 1 1 1 1 1 1 1 1 1 1 1 1 1 1 1 1 1 1 1 
1 1 1 1 1 1 1 1 1 1 1 1 1 1 1 1 1 1 1 1 1 1 1 1 1 1 
1 1 1 1 1 1 1 1 1 1 1 1 1 1 1 1 1 1 1 1 1 1 1 1 1 1 
1 1 1 1 1 1 1 1 1 1 1 1 1 1 1 1 1 1 1 1 1 1 1 1 1 1 
1 1 1 1 1 1 1 1 1 1 1 1 1 1 1 1 1 1 1 1 1 1 1 1 1 1 
1 1 1 1 1 1 1 1 1 1 1 1 1 1 1 1 1 1 1 1 1 1 1 1 1 1 
1 1 1 1 1 1 1 1 1 1 1 1 1 1 1 1 1 1 1 1 1 1 1 1 1 1 
1 1 1 1 1 1 1 1 1 1 1 1 1 1 1 1 1 1 1 1 1 1 1 1 1 1 
1 1 1 1 1 1 1 1 1 1 1 1 1 1 1 1 1 1 1 1 1 1 1 1 1 1 
1 1 1 1 1 1 1 1 1 1 1 1 1 1 1 1 1 1 1 1 1 1 1 1 1 1 
1 1 1 1 1 1 1 1 1 1 1 1 1 1 1 1 1 1 1 1 1 1 1 1 1 1 
1 1 1 1 1 1 1 1 1 1 1 1 1 1 1 1 1 1 1 1 1 1 1 1 1 1 
1 1 1 1 1 1 1 1 1 1 1 1 1 1 1 1 1 1 1 1 1 1 1 1 1 1 
1 1 1 1 1 1 1 1 1 1 1 1 1 1 1 1 1 1 1 1 1 1 1 1 1 1 
1 1 1 1 1 1 1 1 1 1 1 1 1 1 1 1 1 1 1 1 1 1 1 1 1 1 
1 1 1 1 1 1 1 1 1 1 1 1 1 1 1 1 1 1 1 1 1 1 1 1 1 1 
1 1 1 1 1 1 1 1 1 1 1 1 1 1 1 1 1 1 1 1 1 1 1 1 1 1 
1 1 1 1 1 1 1 1 1 1 1 1 1 1 1 1 1 1 1 1 1 1 1 1 1 1 
1 1 1 1 1 1 1 1 1 1 1 1 1 1 1 1 1 1 1 1 1 1 1 1 1 1 
1 1 1 1 1 1 1 1 1 1 1 1 1 1 1 1 1 1 1 1 1 1 1 1 1 1 
1 1 1 1 1 1 1 1 1 1 1 1 1 1 1 1 1 1 1 1 1 1 1 1 1 1 
1 1 1 1 1 1 1 1 1 1 1 1 1 1 1 1 1 1 1 1 1 1 1 1 1 1 
1 1 1 1 1 1 1 1 1 1 1 1 1 1 1 1 1 1 1 1 1 1 1 1 1 1 
1 1 1 1 1 1 1 1 1 1 1 1 1 1 1 1 1 1 1 1 1 1 1 1 1 1 
1 1 1 1 1 1 1 1 1 1 1 1 1 1 1 1 1 1 1 1 1 1 1 1 1 1 
1 1 1 1 1 1 1 1 1 1 1 1 1 1 1 1 1 1 1 1 1 1 1 1 1 1 
1 1 1 1 1 1 1 1 1 1 1 1 1 1 1 1 1 1 1 1 1 1 1 1 1 1 
1 1 1 1 1 1 1 1 1 1 1 1 1 1 1 1 1 1 1 1 1 1 1 1 1 1 
1 1 1 1 1 1 1 1 1 1 1 1 1 1 1 1 1 1 1 1 1 1 1 1 1 1 
1 1 1 1 1 1 1 1 1 1 1 1 1 1 1 1 1 1 1 1 1 1 1 1 1 1 
1 1 1 1 1 1 1 1 1 1 1 1 1 1 1 1 1 1 1 1 1 1 1 1 1 1 
1 1 1 1 1 1 1 1 1 1 1 1 1 1 1 1 1 1 1 1 1 1 1 1 1 1 
1 1 1 1 1 1 1 1 1 1 1 1 1 1 1 1 1 1 1 1 1 1 1 1 1 1 
1 1 1 1 1 1 1 1 1 1 1 1 1 1 1 1 1 1 1 1 1 1 1 1 1 1 
1 1 1 1 1 1 1 1 1 1 1 1 1 1 1 1 1 1 1 1 1 1 1 1 1 1 
1 1 1 1 1 1 1 1 1 1 1 1 1 1 1 1 1 1 1 1 1 1 1 1 1 1 
1 1 1 1 1 1 1 1 1 1 1 1 1 1 1 1 1 1 1 1 1 1 1 1 1 1 
1 1 1 1 1 1 1 1 1 1 1 1 1 1 1 1 1 1 1 1 1 1 1 1 1 1 
1 1 1 1 1 1 1 1 1 1 1 1 1 1 1 1 1 1 1 1 1 1 1 1 1 1 
1 1 1 1 1 1 1 1 1 1 1 1 1 1 1 1 1 1 1 1 1 1 1 1 1 1 
1 1 1 1 1 1 1 1 1 1 1 1 1 1 1 1 1 1 1 1 1 1 1 1 1 1 
1 1 1 1 1 1 1 1 1 1 1 1 1 1 1 1 1 1 1 1 1 1 1 1 1 1 
1 1 1 1 1 1 1 1 1 1 1 1 1 1 1 1 1 1 1 1 1 1 1 1 1 1 
1 1 1 1 1 1 1 1 1 1 1 1 1 1 1 1 1 1 1 1 1 1 1 1 1 1 
1 1 1 1 1 1 1 1 1 1 1 1 1 1 1 1 1 1 1 1 1 1 1 1 1 1 
1 1 1 1 1 1 1 1 1 1 1 1 1 1 1 1 1 1 1 1 1 1 1 1 1 1 
1 1 1 1 1 1 1 1 1 1 1 1 1 1 1 1 1 1 1 1 1 1 1 1 1 1 
1 1 1 1 1 1 1 1 1 1 1 1 1 1 1 1 1 1 1 1 1 1 1 1 1 1 
1 1 1 1 1 1 1 1 1 1 1 1 1 1 1 1 1 1 1 1 1 1 1 1 1 1 
1 1 1 1 1 1 1 1 1 1 1 1 1 1 1 1 1 1 1 1 1 1 1 1 1 1 
1 1 1 1 1 1 1 1 1 1 1 1 1 1 1 1 1 1 1 1 1 1 1 1 1 1 
1 1 1 1 1 1 1 1 1 1 1 1 1 1 1 1 1 1 1 1 1 1 1 1 1 1 
1 1 1 1 1 1 1 1 1 1 1 1 1 1 1 1 1 1 1 1 1 1 1 1 1 1 
1 1 1 1 1 1 1 1 1 1 1 1 1 1 1 1 1 1 1 1 1 1 1 1 1 1 

29 
14 

2 
2 
3 
2 
2 
2 
2 
1 
2 
3 
2 
2 
2 
2 

58 

65 65 75 75 60 60 60 71 71 75 75 68 68 68 68 65 62 62 62 62 62 65 65 93 93 68 68 100 100 
65 65 75 75 60 60 60 71 71 75 75 68 68 68 68 65 62 62 62 62 62 65 65 93 93 68 68 100 100 
65 65 75 75 60 60 60 71 71 75 75 68 68 68 68 65 62 62 62 62 62 65 65 93 93 68 68 100 100 
65 65 75 75 60 60 60 71 71 75 75 68 68 68 68 65 62 62 62 62 62 65 65 93 93 68 68 100 100 
31 31 36 36 28 28 28 34 34 36 36 32 32 32 32 31 30 30 30 30 30 31 31 45 45 32 32 48 48 
65 65 75 75 60 60 60 71 71 75 75 68 68 68 68 65 62 62 62 62 62 65 65 93 93 68 68 100 100 
65 65 75 75 60 60 60 71 71 75 75 68 68 68 68 65 62 62 62 62 62 65 65 93 93 68 68 100 100 
65 65 75 75 60 60 60 71 71 75 75 68 68 68 68 65 62 62 62 62 62 65 65 93 93 68 68 100 100 
65 65 75 75 60 60 60 71 71 75 75 68 68 68 68 65 62 62 62 62 62 65 65 93 93 68 68 100 100 
65 65 75 75 60 60 60 71 71 75 75 68 68 68 68 65 62 62 62 62 62 65 65 93 93 68 68 100 100 
20 20 24 24 19 19 19 22 22 24 24 21 21 21 21 20 20 20 20 20 20 20 20 30 30 21 21 32 32 
65 65 75 75 60 60 60 71 71 75 75 68 68 68 68 65 62 62 62 62 62 65 65 93 93 68 68 100 100 
65 65 75 75 60 60 60 71 71 75 75 68 68 68 68 65 62 62 62 62 62 65 65 93 93 68 68 100 100 
65 65 75 75 60 60 60 71 71 75 75 68 68 68 68 65 62 62 62 62 62 65 65 93 93 68 68 100 100 
13 13 15 15 12 12 12 14 14 15 15 13 13 13 13 13 12 12 12 12 12 13 13 18 18 13 13 20 20 
65 65 75 75 60 60 60 71 71 75 75 68 68 68 68 65 62 62 62 62 62 65 65 93 93 68 68 100 100 
65 65 75 75 60 60 60 71 71 75 75 68 68 68 68 65 62 62 62 62 62 65 65 93 93 68 68 100 100 
52 52 60 60 48 48 48 57 57 60 60 54 54 54 54 52 50 50 50 50 50 52 52 75 75 54 54 80 80 
65 65 75 75 60 60 60 71 71 75 75 68 68 68 68 65 62 62 62 62 62 65 65 93 93 68 68 100 100 
65 65 75 75 60 60 60 71 71 75 75 68 68 68 68 65 62 62 62 62 62 65 65 93 93 68 68 100 100 
65 65 75 75 60 60 60 71 71 75 75 68 68 68 68 65 62 62 62 62 62 65 65 93 93 68 68 100 100 
65 65 75 75 60 60 60 71 71 75 75 68 68 68 68 65 62 62 62 62 62 65 65 93 93 68 68 100 100 
57 57 66 66 52 52 52 62 62 66 66 60 60 60 60 57 55 55 55 55 55 57 57 82 82 60 60 88 88 
65 65 75 75 60 60 60 71 71 75 75 68 68 68 68 65 62 62 62 62 62 65 65 93 93 68 68 100 100 
28 28 33 33 26 26 26 31 31 33 33 30 30 30 30 28 27 27 27 27 27 28 28 41 41 30 30 44 44 
65 65 75 75 60 60 60 71 71 75 75 68 68 68 68 65 62 62 62 62 62 65 65 93 93 68 68 100 100 
65 65 75 75 60 60 60 71 71 75 75 68 68 68 68 65 62 62 62 62 62 65 65 93 93 68 68 100 100 
65 65 75 75 60 60 60 71 71 75 75 68 68 68 68 65 62 62 62 62 62 65 65 93 93 68 68 100 100 
41 41 48 48 38 38 38 45 45 48 48 43 43 43 43 41 40 40 40 40 40 41 41 60 60 43 43 64 64 
65 65 75 75 60 60 60 71 71 75 75 68 68 68 68 65 62 62 62 62 62 65 65 93 93 68 68 100 100 
65 65 75 75 60 60 60 71 71 75 75 68 68 68 68 65 62 62 62 62 62 65 65 93 93 68 68 100 100 
41 41 48 48 38 38 38 45 45 48 48 43 43 43 43 41 40 40 40 40 40 41 41 60 60 43 43 64 64 
65 65 75 75 60 60 60 71 71 75 75 68 68 68 68 65 62 62 62 62 62 65 65 93 93 68 68 100 100 
65 65 75 75 60 60 60 71 71 75 75 68 68 68 68 65 62 62 62 62 62 65 65 93 93 68 68 100 100 
36 36 42 42 33 33 33 40 40 42 42 38 38 38 38 36 35 35 35 35 35 36 36 52 52 38 38 56 56 
65 65 75 75 60 60 60 71 71 75 75 68 68 68 68 65 62 62 62 62 62 65 65 93 93 68 68 100 100 
65 65 75 75 60 60 60 71 71 75 75 68 68 68 68 65 62 62 62 62 62 65 65 93 93 68 68 100 100 
65 65 75 75 60 60 60 71 71 75 75 68 68 68 68 65 62 62 62 62 62 65 65 93 93 68 68 100 100 
65 65 75 75 60 60 60 71 71 75 75 68 68 68 68 65 62 62 62 62 62 65 65 93 93 68 68 100 100 
65 65 75 75 60 60 60 71 71 75 75 68 68 68 68 65 62 62 62 62 62 65 65 93 93 68 68 100 100 
39 39 45 45 36 36 36 42 42 45 45 40 40 40 40 39 37 37 37 37 37 39 39 56 56 40 40 60 60 
65 65 75 75 60 60 60 71 71 75 75 68 68 68 68 65 62 62 62 62 62 65 65 93 93 68 68 100 100 
65 65 75 75 60 60 60 71 71 75 75 68 68 68 68 65 62 62 62 62 62 65 65 93 93 68 68 100 100 
65 65 75 75 60 60 60 71 71 75 75 68 68 68 68 65 62 62 62 62 62 65 65 93 93 68 68 100 100 
65 65 75 75 60 60 60 71 71 75 75 68 68 68 68 65 62 62 62 62 62 65 65 93 93 68 68 100 100 
28 28 33 33 26 26 26 31 31 33 33 30 30 30 30 28 27 27 27 27 27 28 28 41 41 30 30 44 44 
65 65 75 75 60 60 60 71 71 75 75 68 68 68 68 65 62 62 62 62 62 65 65 93 93 68 68 100 100 
65 65 75 75 60 60 60 71 71 75 75 68 68 68 68 65 62 62 62 62 62 65 65 93 93 68 68 100 100 
15 15 18 18 14 14 14 17 17 18 18 16 16 16 16 15 15 15 15 15 15 15 15 22 22 16 16 24 24 
65 65 75 75 60 60 60 71 71 75 75 68 68 68 68 65 62 62 62 62 62 65 65 93 93 68 68 100 100 
65 65 75 75 60 60 60 71 71 75 75 68 68 68 68 65 62 62 62 62 62 65 65 93 93 68 68 100 100 
65 65 75 75 60 60 60 71 71 75 75 68 68 68 68 65 62 62 62 62 62 65 65 93 93 68 68 100 100 
2 2 3 3 2 2 2 2 2 3 3 2 2 2 2 2 2 2 2 2 2 2 2 3 3 2 2 4 4 
65 65 75 75 60 60 60 71 71 75 75 68 68 68 68 65 62 62 62 62 62 65 65 93 93 68 68 100 100 
65 65 75 75 60 60 60 71 71 75 75 68 68 68 68 65 62 62 62 62 62 65 65 93 93 68 68 100 100 
65 65 75 75 60 60 60 71 71 75 75 68 68 68 68 65 62 62 62 62 62 65 65 93 93 68 68 100 100 
65 65 75 75 60 60 60 71 71 75 75 68 68 68 68 65 62 62 62 62 62 65 65 93 93 68 68 100 100 
31 31 36 36 28 28 28 34 34 36 36 32 32 32 32 31 30 30 30 30 30 31 31 45 45 32 32 48 48 

37 
37 
45 
45 
29 
29 
29 
28 
28 
38 
38 
40 
40 
29 
29 
45 
36 
36 
37 
37 
37 
28 
28 
33 
33 
42 
42 
33 
33 

1 1 1 1 1 1 1 1 1 1 1 1 1 1 1 1 1 1 1 1 1 1 1 1 1 1 1 1 1 
1 1 1 1 1 1 1 1 1 1 1 1 1 1 1 1 1 1 1 1 1 1 1 1 1 1 1 1 1 
1 1 1 1 1 1 1 1 1 1 1 1 1 1 1 1 1 1 1 1 1 1 1 1 1 1 1 1 1 
1 1 1 1 1 1 1 1 1 1 1 1 1 1 1 1 1 1 1 1 1 1 1 1 1 1 1 1 1 
1 1 1 1 1 1 1 1 1 1 1 1 1 1 1 1 1 1 1 1 1 1 1 1 1 1 1 1 1 
1 1 1 1 1 1 1 1 1 1 1 1 1 1 1 1 1 1 1 1 1 1 1 1 1 1 1 1 1 
1 1 1 1 1 1 1 1 1 1 1 1 1 1 1 1 1 1 1 1 1 1 1 1 1 1 1 1 1 
1 1 1 1 1 1 1 1 1 1 1 1 1 1 1 1 1 1 1 1 1 1 1 1 1 1 1 1 1 
1 1 1 1 1 1 1 1 1 1 1 1 1 1 1 1 1 1 1 1 1 1 1 1 1 1 1 1 1 
1 1 1 1 1 1 1 1 1 1 1 1 1 1 1 1 1 1 1 1 1 1 1 1 1 1 1 1 1 
1 1 1 1 1 1 1 1 1 1 1 1 1 1 1 1 1 1 1 1 1 1 1 1 1 1 1 1 1 
1 1 1 1 1 1 1 1 1 1 1 1 1 1 1 1 1 1 1 1 1 1 1 1 1 1 1 1 1 
1 1 1 1 1 1 1 1 1 1 1 1 1 1 1 1 1 1 1 1 1 1 1 1 1 1 1 1 1 
1 1 1 1 1 1 1 1 1 1 1 1 1 1 1 1 1 1 1 1 1 1 1 1 1 1 1 1 1 
1 1 1 1 1 1 1 1 1 1 1 1 1 1 1 1 1 1 1 1 1 1 1 1 1 1 1 1 1 
1 1 1 1 1 1 1 1 1 1 1 1 1 1 1 1 1 1 1 1 1 1 1 1 1 1 1 1 1 
1 1 1 1 1 1 1 1 1 1 1 1 1 1 1 1 1 1 1 1 1 1 1 1 1 1 1 1 1 
1 1 1 1 1 1 1 1 1 1 1 1 1 1 1 1 1 1 1 1 1 1 1 1 1 1 1 1 1 
1 1 1 1 1 1 1 1 1 1 1 1 1 1 1 1 1 1 1 1 1 1 1 1 1 1 1 1 1 
1 1 1 1 1 1 1 1 1 1 1 1 1 1 1 1 1 1 1 1 1 1 1 1 1 1 1 1 1 
1 1 1 1 1 1 1 1 1 1 1 1 1 1 1 1 1 1 1 1 1 1 1 1 1 1 1 1 1 
1 1 1 1 1 1 1 1 1 1 1 1 1 1 1 1 1 1 1 1 1 1 1 1 1 1 1 1 1 
1 1 1 1 1 1 1 1 1 1 1 1 1 1 1 1 1 1 1 1 1 1 1 1 1 1 1 1 1 
1 1 1 1 1 1 1 1 1 1 1 1 1 1 1 1 1 1 1 1 1 1 1 1 1 1 1 1 1 
1 1 1 1 1 1 1 1 1 1 1 1 1 1 1 1 1 1 1 1 1 1 1 1 1 1 1 1 1 
1 1 1 1 1 1 1 1 1 1 1 1 1 1 1 1 1 1 1 1 1 1 1 1 1 1 1 1 1 
1 1 1 1 1 1 1 1 1 1 1 1 1 1 1 1 1 1 1 1 1 1 1 1 1 1 1 1 1 
1 1 1 1 1 1 1 1 1 1 1 1 1 1 1 1 1 1 1 1 1 1 1 1 1 1 1 1 1 
1 1 1 1 1 1 1 1 1 1 1 1 1 1 1 1 1 1 1 1 1 1 1 1 1 1 1 1 1 
1 1 1 1 1 1 1 1 1 1 1 1 1 1 1 1 1 1 1 1 1 1 1 1 1 1 1 1 1 
1 1 1 1 1 1 1 1 1 1 1 1 1 1 1 1 1 1 1 1 1 1 1 1 1 1 1 1 1 
1 1 1 1 1 1 1 1 1 1 1 1 1 1 1 1 1 1 1 1 1 1 1 1 1 1 1 1 1 
1 1 1 1 1 1 1 1 1 1 1 1 1 1 1 1 1 1 1 1 1 1 1 1 1 1 1 1 1 
1 1 1 1 1 1 1 1 1 1 1 1 1 1 1 1 1 1 1 1 1 1 1 1 1 1 1 1 1 
1 1 1 1 1 1 1 1 1 1 1 1 1 1 1 1 1 1 1 1 1 1 1 1 1 1 1 1 1 
1 1 1 1 1 1 1 1 1 1 1 1 1 1 1 1 1 1 1 1 1 1 1 1 1 1 1 1 1 
1 1 1 1 1 1 1 1 1 1 1 1 1 1 1 1 1 1 1 1 1 1 1 1 1 1 1 1 1 
1 1 1 1 1 1 1 1 1 1 1 1 1 1 1 1 1 1 1 1 1 1 1 1 1 1 1 1 1 
1 1 1 1 1 1 1 1 1 1 1 1 1 1 1 1 1 1 1 1 1 1 1 1 1 1 1 1 1 
1 1 1 1 1 1 1 1 1 1 1 1 1 1 1 1 1 1 1 1 1 1 1 1 1 1 1 1 1 
1 1 1 1 1 1 1 1 1 1 1 1 1 1 1 1 1 1 1 1 1 1 1 1 1 1 1 1 1 
1 1 1 1 1 1 1 1 1 1 1 1 1 1 1 1 1 1 1 1 1 1 1 1 1 1 1 1 1 
1 1 1 1 1 1 1 1 1 1 1 1 1 1 1 1 1 1 1 1 1 1 1 1 1 1 1 1 1 
1 1 1 1 1 1 1 1 1 1 1 1 1 1 1 1 1 1 1 1 1 1 1 1 1 1 1 1 1 
1 1 1 1 1 1 1 1 1 1 1 1 1 1 1 1 1 1 1 1 1 1 1 1 1 1 1 1 1 
1 1 1 1 1 1 1 1 1 1 1 1 1 1 1 1 1 1 1 1 1 1 1 1 1 1 1 1 1 
1 1 1 1 1 1 1 1 1 1 1 1 1 1 1 1 1 1 1 1 1 1 1 1 1 1 1 1 1 
1 1 1 1 1 1 1 1 1 1 1 1 1 1 1 1 1 1 1 1 1 1 1 1 1 1 1 1 1 
1 1 1 1 1 1 1 1 1 1 1 1 1 1 1 1 1 1 1 1 1 1 1 1 1 1 1 1 1 
1 1 1 1 1 1 1 1 1 1 1 1 1 1 1 1 1 1 1 1 1 1 1 1 1 1 1 1 1 
1 1 1 1 1 1 1 1 1 1 1 1 1 1 1 1 1 1 1 1 1 1 1 1 1 1 1 1 1 
1 1 1 1 1 1 1 1 1 1 1 1 1 1 1 1 1 1 1 1 1 1 1 1 1 1 1 1 1 
1 1 1 1 1 1 1 1 1 1 1 1 1 1 1 1 1 1 1 1 1 1 1 1 1 1 1 1 1 
1 1 1 1 1 1 1 1 1 1 1 1 1 1 1 1 1 1 1 1 1 1 1 1 1 1 1 1 1 
1 1 1 1 1 1 1 1 1 1 1 1 1 1 1 1 1 1 1 1 1 1 1 1 1 1 1 1 1 
1 1 1 1 1 1 1 1 1 1 1 1 1 1 1 1 1 1 1 1 1 1 1 1 1 1 1 1 1 
1 1 1 1 1 1 1 1 1 1 1 1 1 1 1 1 1 1 1 1 1 1 1 1 1 1 1 1 1 
1 1 1 1 1 1 1 1 1 1 1 1 1 1 1 1 1 1 1 1 1 1 1 1 1 1 1 1 1 

14 
0 1 1 1 1 1 1 1 1 1 1 1 1 1 1 1 1 1 1 1 1 1 1 1 1 1 1 1 1 1 1 1 1 1 1 1 1 1 1 1 1 1 1 1 1 1 1 1 1 1 1 1 1 1 1 1 1 1 1 
0 0 0 0 0 0 1 1 1 1 1 1 1 1 1 1 1 1 1 1 1 1 1 1 1 1 1 1 1 1 1 1 1 1 1 1 1 1 1 1 1 1 1 1 1 1 1 1 1 1 1 1 1 1 1 1 1 1 1 
0 0 0 0 0 0 1 1 1 1 1 1 1 1 1 1 1 1 1 1 1 1 1 1 1 1 1 1 1 1 1 1 1 1 1 1 1 1 1 1 1 1 1 1 1 1 1 1 1 1 1 1 1 1 1 1 1 1 1 
0 0 0 0 0 0 1 1 1 1 1 1 1 1 1 1 1 1 1 1 1 1 1 1 1 1 1 1 1 1 1 1 1 1 1 1 1 1 1 1 1 1 1 1 1 1 1 1 1 1 1 1 1 1 1 1 1 1 1 
0 0 0 0 0 0 1 1 1 1 1 1 1 1 1 1 1 1 1 1 1 1 1 1 1 1 1 1 1 1 1 1 1 1 1 1 1 1 1 1 1 1 1 1 1 1 1 1 1 1 1 1 1 1 1 1 1 1 1 
0 0 0 0 0 0 1 1 1 1 1 1 1 1 1 1 1 1 1 1 1 1 1 1 1 1 1 1 1 1 1 1 1 1 1 1 1 1 1 1 1 1 1 1 1 1 1 1 1 1 1 1 1 1 1 1 1 1 1 
0 1 1 1 1 1 0 0 0 0 0 0 1 1 1 1 1 1 1 1 1 1 1 1 1 1 1 1 1 1 1 1 1 1 1 1 1 1 1 1 1 1 1 1 1 1 1 1 1 1 1 1 1 1 1 1 1 1 1 
0 1 1 1 1 1 0 0 0 0 0 0 1 1 1 1 1 1 1 1 1 1 1 1 1 1 1 1 1 1 1 1 1 1 1 1 1 1 1 1 1 1 1 1 1 1 1 1 1 1 1 1 1 1 1 1 1 1 1 
0 1 1 1 1 1 0 0 0 0 0 0 1 1 1 1 1 1 1 1 1 1 1 1 1 1 1 1 1 1 1 1 1 1 1 1 1 1 1 1 1 1 1 1 1 1 1 1 1 1 1 1 1 1 1 1 1 1 1 
0 1 1 1 1 1 0 0 0 0 0 0 1 1 1 1 1 1 1 1 1 1 1 1 1 1 1 1 1 1 1 1 1 1 1 1 1 1 1 1 1 1 1 1 1 1 1 1 1 1 1 1 1 1 1 1 1 1 1 
0 1 1 1 1 1 0 0 0 0 0 0 1 1 1 1 1 1 1 1 1 1 1 1 1 1 1 1 1 1 1 1 1 1 1 1 1 1 1 1 1 1 1 1 1 1 1 1 1 1 1 1 1 1 1 1 1 1 1 
0 1 1 1 1 1 0 0 0 0 0 0 1 1 1 1 1 1 1 1 1 1 1 1 1 1 1 1 1 1 1 1 1 1 1 1 1 1 1 1 1 1 1 1 1 1 1 1 1 1 1 1 1 1 1 1 1 1 1 
0 1 1 1 1 1 1 1 1 1 1 1 0 0 0 0 1 1 1 1 1 1 1 1 1 1 1 1 1 1 1 1 1 1 1 1 1 1 1 1 1 1 1 1 1 1 1 1 1 1 1 1 1 1 1 1 1 1 1 
0 1 1 1 1 1 1 1 1 1 1 1 0 0 0 0 1 1 1 1 1 1 1 1 1 1 1 1 1 1 1 1 1 1 1 1 1 1 1 1 1 1 1 1 1 1 1 1 1 1 1 1 1 1 1 1 1 1 1 
0 1 1 1 1 1 1 1 1 1 1 1 0 0 0 0 1 1 1 1 1 1 1 1 1 1 1 1 1 1 1 1 1 1 1 1 1 1 1 1 1 1 1 1 1 1 1 1 1 1 1 1 1 1 1 1 1 1 1 
0 1 1 1 1 1 1 1 1 1 1 1 0 0 0 0 1 1 1 1 1 1 1 1 1 1 1 1 1 1 1 1 1 1 1 1 1 1 1 1 1 1 1 1 1 1 1 1 1 1 1 1 1 1 1 1 1 1 1 
0 1 1 1 1 1 1 1 1 1 1 1 1 1 1 1 0 0 0 1 1 1 1 1 1 1 1 1 1 1 1 1 1 1 1 1 1 1 1 1 1 1 1 1 1 1 1 1 1 1 1 1 1 1 1 1 1 1 1 
0 1 1 1 1 1 1 1 1 1 1 1 1 1 1 1 0 0 0 1 1 1 1 1 1 1 1 1 1 1 1 1 1 1 1 1 1 1 1 1 1 1 1 1 1 1 1 1 1 1 1 1 1 1 1 1 1 1 1 
0 1 1 1 1 1 1 1 1 1 1 1 1 1 1 1 0 0 0 1 1 1 1 1 1 1 1 1 1 1 1 1 1 1 1 1 1 1 1 1 1 1 1 1 1 1 1 1 1 1 1 1 1 1 1 1 1 1 1 
0 1 1 1 1 1 1 1 1 1 1 1 1 1 1 1 1 1 1 0 0 0 0 0 1 1 1 1 1 1 1 1 1 1 1 1 1 1 1 1 1 1 1 1 1 1 1 1 1 1 1 1 1 1 1 1 1 1 1 
0 1 1 1 1 1 1 1 1 1 1 1 1 1 1 1 1 1 1 0 0 0 0 0 1 1 1 1 1 1 1 1 1 1 1 1 1 1 1 1 1 1 1 1 1 1 1 1 1 1 1 1 1 1 1 1 1 1 1 
0 1 1 1 1 1 1 1 1 1 1 1 1 1 1 1 1 1 1 0 0 0 0 0 1 1 1 1 1 1 1 1 1 1 1 1 1 1 1 1 1 1 1 1 1 1 1 1 1 1 1 1 1 1 1 1 1 1 1 
0 1 1 1 1 1 1 1 1 1 1 1 1 1 1 1 1 1 1 0 0 0 0 0 1 1 1 1 1 1 1 1 1 1 1 1 1 1 1 1 1 1 1 1 1 1 1 1 1 1 1 1 1 1 1 1 1 1 1 
0 1 1 1 1 1 1 1 1 1 1 1 1 1 1 1 1 1 1 0 0 0 0 0 1 1 1 1 1 1 1 1 1 1 1 1 1 1 1 1 1 1 1 1 1 1 1 1 1 1 1 1 1 1 1 1 1 1 1 
0 1 1 1 1 1 1 1 1 1 1 1 1 1 1 1 1 1 1 1 1 1 1 1 0 0 1 1 1 1 1 1 1 1 1 1 1 1 1 1 1 1 1 1 1 1 1 1 1 1 1 1 1 1 1 1 1 1 1 
0 1 1 1 1 1 1 1 1 1 1 1 1 1 1 1 1 1 1 1 1 1 1 1 0 0 1 1 1 1 1 1 1 1 1 1 1 1 1 1 1 1 1 1 1 1 1 1 1 1 1 1 1 1 1 1 1 1 1 
0 1 1 1 1 1 1 1 1 1 1 1 1 1 1 1 1 1 1 1 1 1 1 1 1 1 0 0 0 0 1 1 1 1 1 1 1 1 1 1 1 1 1 1 1 1 1 1 1 1 1 1 1 1 1 1 1 1 1 
0 1 1 1 1 1 1 1 1 1 1 1 1 1 1 1 1 1 1 1 1 1 1 1 1 1 0 0 0 0 1 1 1 1 1 1 1 1 1 1 1 1 1 1 1 1 1 1 1 1 1 1 1 1 1 1 1 1 1 
0 1 1 1 1 1 1 1 1 1 1 1 1 1 1 1 1 1 1 1 1 1 1 1 1 1 0 0 0 0 1 1 1 1 1 1 1 1 1 1 1 1 1 1 1 1 1 1 1 1 1 1 1 1 1 1 1 1 1 
0 1 1 1 1 1 1 1 1 1 1 1 1 1 1 1 1 1 1 1 1 1 1 1 1 1 0 0 0 0 1 1 1 1 1 1 1 1 1 1 1 1 1 1 1 1 1 1 1 1 1 1 1 1 1 1 1 1 1 
0 1 1 1 1 1 1 1 1 1 1 1 1 1 1 1 1 1 1 1 1 1 1 1 1 1 1 1 1 1 0 0 0 1 1 1 1 1 1 1 1 1 1 1 1 1 1 1 1 1 1 1 1 1 1 1 1 1 1 
0 1 1 1 1 1 1 1 1 1 1 1 1 1 1 1 1 1 1 1 1 1 1 1 1 1 1 1 1 1 0 0 0 1 1 1 1 1 1 1 1 1 1 1 1 1 1 1 1 1 1 1 1 1 1 1 1 1 1 
0 1 1 1 1 1 1 1 1 1 1 1 1 1 1 1 1 1 1 1 1 1 1 1 1 1 1 1 1 1 0 0 0 1 1 1 1 1 1 1 1 1 1 1 1 1 1 1 1 1 1 1 1 1 1 1 1 1 1 
0 1 1 1 1 1 1 1 1 1 1 1 1 1 1 1 1 1 1 1 1 1 1 1 1 1 1 1 1 1 1 1 1 0 0 0 1 1 1 1 1 1 1 1 1 1 1 1 1 1 1 1 1 1 1 1 1 1 1 
0 1 1 1 1 1 1 1 1 1 1 1 1 1 1 1 1 1 1 1 1 1 1 1 1 1 1 1 1 1 1 1 1 0 0 0 1 1 1 1 1 1 1 1 1 1 1 1 1 1 1 1 1 1 1 1 1 1 1 
0 1 1 1 1 1 1 1 1 1 1 1 1 1 1 1 1 1 1 1 1 1 1 1 1 1 1 1 1 1 1 1 1 0 0 0 1 1 1 1 1 1 1 1 1 1 1 1 1 1 1 1 1 1 1 1 1 1 1 
0 1 1 1 1 1 1 1 1 1 1 1 1 1 1 1 1 1 1 1 1 1 1 1 1 1 1 1 1 1 1 1 1 1 1 1 0 0 0 0 0 0 1 1 1 1 1 1 1 1 1 1 1 1 1 1 1 1 1 
0 1 1 1 1 1 1 1 1 1 1 1 1 1 1 1 1 1 1 1 1 1 1 1 1 1 1 1 1 1 1 1 1 1 1 1 0 0 0 0 0 0 1 1 1 1 1 1 1 1 1 1 1 1 1 1 1 1 1 
0 1 1 1 1 1 1 1 1 1 1 1 1 1 1 1 1 1 1 1 1 1 1 1 1 1 1 1 1 1 1 1 1 1 1 1 0 0 0 0 0 0 1 1 1 1 1 1 1 1 1 1 1 1 1 1 1 1 1 
0 1 1 1 1 1 1 1 1 1 1 1 1 1 1 1 1 1 1 1 1 1 1 1 1 1 1 1 1 1 1 1 1 1 1 1 0 0 0 0 0 0 1 1 1 1 1 1 1 1 1 1 1 1 1 1 1 1 1 
0 1 1 1 1 1 1 1 1 1 1 1 1 1 1 1 1 1 1 1 1 1 1 1 1 1 1 1 1 1 1 1 1 1 1 1 0 0 0 0 0 0 1 1 1 1 1 1 1 1 1 1 1 1 1 1 1 1 1 
0 1 1 1 1 1 1 1 1 1 1 1 1 1 1 1 1 1 1 1 1 1 1 1 1 1 1 1 1 1 1 1 1 1 1 1 0 0 0 0 0 0 1 1 1 1 1 1 1 1 1 1 1 1 1 1 1 1 1 
0 1 1 1 1 1 1 1 1 1 1 1 1 1 1 1 1 1 1 1 1 1 1 1 1 1 1 1 1 1 1 1 1 1 1 1 1 1 1 1 1 1 0 0 0 0 0 1 1 1 1 1 1 1 1 1 1 1 1 
0 1 1 1 1 1 1 1 1 1 1 1 1 1 1 1 1 1 1 1 1 1 1 1 1 1 1 1 1 1 1 1 1 1 1 1 1 1 1 1 1 1 0 0 0 0 0 1 1 1 1 1 1 1 1 1 1 1 1 
0 1 1 1 1 1 1 1 1 1 1 1 1 1 1 1 1 1 1 1 1 1 1 1 1 1 1 1 1 1 1 1 1 1 1 1 1 1 1 1 1 1 0 0 0 0 0 1 1 1 1 1 1 1 1 1 1 1 1 
0 1 1 1 1 1 1 1 1 1 1 1 1 1 1 1 1 1 1 1 1 1 1 1 1 1 1 1 1 1 1 1 1 1 1 1 1 1 1 1 1 1 0 0 0 0 0 1 1 1 1 1 1 1 1 1 1 1 1 
0 1 1 1 1 1 1 1 1 1 1 1 1 1 1 1 1 1 1 1 1 1 1 1 1 1 1 1 1 1 1 1 1 1 1 1 1 1 1 1 1 1 0 0 0 0 0 1 1 1 1 1 1 1 1 1 1 1 1 
0 1 1 1 1 1 1 1 1 1 1 1 1 1 1 1 1 1 1 1 1 1 1 1 1 1 1 1 1 1 1 1 1 1 1 1 1 1 1 1 1 1 1 1 1 1 1 0 0 0 1 1 1 1 1 1 1 1 1 
0 1 1 1 1 1 1 1 1 1 1 1 1 1 1 1 1 1 1 1 1 1 1 1 1 1 1 1 1 1 1 1 1 1 1 1 1 1 1 1 1 1 1 1 1 1 1 0 0 0 1 1 1 1 1 1 1 1 1 
0 1 1 1 1 1 1 1 1 1 1 1 1 1 1 1 1 1 1 1 1 1 1 1 1 1 1 1 1 1 1 1 1 1 1 1 1 1 1 1 1 1 1 1 1 1 1 0 0 0 1 1 1 1 1 1 1 1 1 
0 1 1 1 1 1 1 1 1 1 1 1 1 1 1 1 1 1 1 1 1 1 1 1 1 1 1 1 1 1 1 1 1 1 1 1 1 1 1 1 1 1 1 1 1 1 1 1 1 1 0 0 0 0 1 1 1 1 1 
0 1 1 1 1 1 1 1 1 1 1 1 1 1 1 1 1 1 1 1 1 1 1 1 1 1 1 1 1 1 1 1 1 1 1 1 1 1 1 1 1 1 1 1 1 1 1 1 1 1 0 0 0 0 1 1 1 1 1 
0 1 1 1 1 1 1 1 1 1 1 1 1 1 1 1 1 1 1 1 1 1 1 1 1 1 1 1 1 1 1 1 1 1 1 1 1 1 1 1 1 1 1 1 1 1 1 1 1 1 0 0 0 0 1 1 1 1 1 
0 1 1 1 1 1 1 1 1 1 1 1 1 1 1 1 1 1 1 1 1 1 1 1 1 1 1 1 1 1 1 1 1 1 1 1 1 1 1 1 1 1 1 1 1 1 1 1 1 1 0 0 0 0 1 1 1 1 1 
0 1 1 1 1 1 1 1 1 1 1 1 1 1 1 1 1 1 1 1 1 1 1 1 1 1 1 1 1 1 1 1 1 1 1 1 1 1 1 1 1 1 1 1 1 1 1 1 1 1 1 1 1 1 0 0 0 0 0 
0 1 1 1 1 1 1 1 1 1 1 1 1 1 1 1 1 1 1 1 1 1 1 1 1 1 1 1 1 1 1 1 1 1 1 1 1 1 1 1 1 1 1 1 1 1 1 1 1 1 1 1 1 1 0 0 0 0 0 
0 1 1 1 1 1 1 1 1 1 1 1 1 1 1 1 1 1 1 1 1 1 1 1 1 1 1 1 1 1 1 1 1 1 1 1 1 1 1 1 1 1 1 1 1 1 1 1 1 1 1 1 1 1 0 0 0 0 0 
0 1 1 1 1 1 1 1 1 1 1 1 1 1 1 1 1 1 1 1 1 1 1 1 1 1 1 1 1 1 1 1 1 1 1 1 1 1 1 1 1 1 1 1 1 1 1 1 1 1 1 1 1 1 0 0 0 0 0 
0 1 1 1 1 1 1 1 1 1 1 1 1 1 1 1 1 1 1 1 1 1 1 1 1 1 1 1 1 1 1 1 1 1 1 1 1 1 1 1 1 1 1 1 1 1 1 1 1 1 1 1 1 1 0 0 0 0 0 

0 1 1 1 1 1 1 1 1 1 1 1 1 1 1 1 1 1 1 1 1 1 1 1 1 1 1 1 1 1 1 1 1 1 1 1 1 1 1 1 1 1 1 1 1 1 1 1 1 1 1 1 1 1 1 1 1 1 1 
0 0 0 0 0 0 1 1 1 1 1 1 1 1 1 1 1 1 1 1 1 1 1 1 1 1 1 1 1 1 1 1 1 1 1 1 1 1 1 1 1 1 1 1 1 1 1 1 1 1 1 1 1 1 1 1 1 1 1 
0 0 0 0 0 0 1 1 1 1 1 1 1 1 1 1 1 1 1 1 1 1 1 1 1 1 1 1 1 1 1 1 1 1 1 1 1 1 1 1 1 1 1 1 1 1 1 1 1 1 1 1 1 1 1 1 1 1 1 
0 0 0 0 0 0 1 1 1 1 1 1 1 1 1 1 1 1 1 1 1 1 1 1 1 1 1 1 1 1 1 1 1 1 1 1 1 1 1 1 1 1 1 1 1 1 1 1 1 1 1 1 1 1 1 1 1 1 1 
0 0 0 0 0 0 1 1 1 1 1 1 1 1 1 1 1 1 1 1 1 1 1 1 1 1 1 1 1 1 1 1 1 1 1 1 1 1 1 1 1 1 1 1 1 1 1 1 1 1 1 1 1 1 1 1 1 1 1 
0 0 0 0 0 0 1 1 1 1 1 1 1 1 1 1 1 1 1 1 1 1 1 1 1 1 1 1 1 1 1 1 1 1 1 1 1 1 1 1 1 1 1 1 1 1 1 1 1 1 1 1 1 1 1 1 1 1 1 
0 1 1 1 1 1 0 0 0 0 0 0 1 1 1 1 1 1 1 1 1 1 1 1 1 1 1 1 1 1 1 1 1 1 1 1 1 1 1 1 1 1 1 1 1 1 1 1 1 1 1 1 1 1 1 1 1 1 1 
0 1 1 1 1 1 0 0 0 0 0 0 1 1 1 1 1 1 1 1 1 1 1 1 1 1 1 1 1 1 1 1 1 1 1 1 1 1 1 1 1 1 1 1 1 1 1 1 1 1 1 1 1 1 1 1 1 1 1 
0 1 1 1 1 1 0 0 0 0 0 0 1 1 1 1 1 1 1 1 1 1 1 1 1 1 1 1 1 1 1 1 1 1 1 1 1 1 1 1 1 1 1 1 1 1 1 1 1 1 1 1 1 1 1 1 1 1 1 
0 1 1 1 1 1 0 0 0 0 0 0 1 1 1 1 1 1 1 1 1 1 1 1 1 1 1 1 1 1 1 1 1 1 1 1 1 1 1 1 1 1 1 1 1 1 1 1 1 1 1 1 1 1 1 1 1 1 1 
0 1 1 1 1 1 0 0 0 0 0 0 1 1 1 1 1 1 1 1 1 1 1 1 1 1 1 1 1 1 1 1 1 1 1 1 1 1 1 1 1 1 1 1 1 1 1 1 1 1 1 1 1 1 1 1 1 1 1 
0 1 1 1 1 1 0 0 0 0 0 0 1 1 1 1 1 1 1 1 1 1 1 1 1 1 1 1 1 1 1 1 1 1 1 1 1 1 1 1 1 1 1 1 1 1 1 1 1 1 1 1 1 1 1 1 1 1 1 
0 1 1 1 1 1 1 1 1 1 1 1 0 0 0 0 1 1 1 1 1 1 1 1 1 1 1 1 1 1 1 1 1 1 1 1 1 1 1 1 1 1 1 1 1 1 1 1 1 1 1 1 1 1 1 1 1 1 1 
0 1 1 1 1 1 1 1 1 1 1 1 0 0 0 0 1 1 1 1 1 1 1 1 1 1 1 1 1 1 1 1 1 1 1 1 1 1 1 1 1 1 1 1 1 1 1 1 1 1 1 1 1 1 1 1 1 1 1 
0 1 1 1 1 1 1 1 1 1 1 1 0 0 0 0 1 1 1 1 1 1 1 1 1 1 1 1 1 1 1 1 1 1 1 1 1 1 1 1 1 1 1 1 1 1 1 1 1 1 1 1 1 1 1 1 1 1 1 
0 1 1 1 1 1 1 1 1 1 1 1 0 0 0 0 1 1 1 1 1 1 1 1 1 1 1 1 1 1 1 1 1 1 1 1 1 1 1 1 1 1 1 1 1 1 1 1 1 1 1 1 1 1 1 1 1 1 1 
0 1 1 1 1 1 1 1 1 1 1 1 1 1 1 1 0 0 0 1 1 1 1 1 1 1 1 1 1 1 1 1 1 1 1 1 1 1 1 1 1 1 1 1 1 1 1 1 1 1 1 1 1 1 1 1 1 1 1 
0 1 1 1 1 1 1 1 1 1 1 1 1 1 1 1 0 0 0 1 1 1 1 1 1 1 1 1 1 1 1 1 1 1 1 1 1 1 1 1 1 1 1 1 1 1 1 1 1 1 1 1 1 1 1 1 1 1 1 
0 1 1 1 1 1 1 1 1 1 1 1 1 1 1 1 0 0 0 1 1 1 1 1 1 1 1 1 1 1 1 1 1 1 1 1 1 1 1 1 1 1 1 1 1 1 1 1 1 1 1 1 1 1 1 1 1 1 1 
0 1 1 1 1 1 1 1 1 1 1 1 1 1 1 1 1 1 1 0 0 0 0 0 1 1 1 1 1 1 1 1 1 1 1 1 1 1 1 1 1 1 1 1 1 1 1 1 1 1 1 1 1 1 1 1 1 1 1 
0 1 1 1 1 1 1 1 1 1 1 1 1 1 1 1 1 1 1 0 0 0 0 0 1 1 1 1 1 1 1 1 1 1 1 1 1 1 1 1 1 1 1 1 1 1 1 1 1 1 1 1 1 1 1 1 1 1 1 
0 1 1 1 1 1 1 1 1 1 1 1 1 1 1 1 1 1 1 0 0 0 0 0 1 1 1 1 1 1 1 1 1 1 1 1 1 1 1 1 1 1 1 1 1 1 1 1 1 1 1 1 1 1 1 1 1 1 1 
0 1 1 1 1 1 1 1 1 1 1 1 1 1 1 1 1 1 1 0 0 0 0 0 1 1 1 1 1 1 1 1 1 1 1 1 1 1 1 1 1 1 1 1 1 1 1 1 1 1 1 1 1 1 1 1 1 1 1 
0 1 1 1 1 1 1 1 1 1 1 1 1 1 1 1 1 1 1 0 0 0 0 0 1 1 1 1 1 1 1 1 1 1 1 1 1 1 1 1 1 1 1 1 1 1 1 1 1 1 1 1 1 1 1 1 1 1 1 
0 1 1 1 1 1 1 1 1 1 1 1 1 1 1 1 1 1 1 1 1 1 1 1 0 0 1 1 1 1 1 1 1 1 1 1 1 1 1 1 1 1 1 1 1 1 1 1 1 1 1 1 1 1 1 1 1 1 1 
0 1 1 1 1 1 1 1 1 1 1 1 1 1 1 1 1 1 1 1 1 1 1 1 0 0 1 1 1 1 1 1 1 1 1 1 1 1 1 1 1 1 1 1 1 1 1 1 1 1 1 1 1 1 1 1 1 1 1 
0 1 1 1 1 1 1 1 1 1 1 1 1 1 1 1 1 1 1 1 1 1 1 1 1 1 0 0 0 0 1 1 1 1 1 1 1 1 1 1 1 1 1 1 1 1 1 1 1 1 1 1 1 1 1 1 1 1 1 
0 1 1 1 1 1 1 1 1 1 1 1 1 1 1 1 1 1 1 1 1 1 1 1 1 1 0 0 0 0 1 1 1 1 1 1 1 1 1 1 1 1 1 1 1 1 1 1 1 1 1 1 1 1 1 1 1 1 1 
0 1 1 1 1 1 1 1 1 1 1 1 1 1 1 1 1 1 1 1 1 1 1 1 1 1 0 0 0 0 1 1 1 1 1 1 1 1 1 1 1 1 1 1 1 1 1 1 1 1 1 1 1 1 1 1 1 1 1 
0 1 1 1 1 1 1 1 1 1 1 1 1 1 1 1 1 1 1 1 1 1 1 1 1 1 0 0 0 0 1 1 1 1 1 1 1 1 1 1 1 1 1 1 1 1 1 1 1 1 1 1 1 1 1 1 1 1 1 
0 1 1 1 1 1 1 1 1 1 1 1 1 1 1 1 1 1 1 1 1 1 1 1 1 1 1 1 1 1 0 0 0 1 1 1 1 1 1 1 1 1 1 1 1 1 1 1 1 1 1 1 1 1 1 1 1 1 1 
0 1 1 1 1 1 1 1 1 1 1 1 1 1 1 1 1 1 1 1 1 1 1 1 1 1 1 1 1 1 0 0 0 1 1 1 1 1 1 1 1 1 1 1 1 1 1 1 1 1 1 1 1 1 1 1 1 1 1 
0 1 1 1 1 1 1 1 1 1 1 1 1 1 1 1 1 1 1 1 1 1 1 1 1 1 1 1 1 1 0 0 0 1 1 1 1 1 1 1 1 1 1 1 1 1 1 1 1 1 1 1 1 1 1 1 1 1 1 
0 1 1 1 1 1 1 1 1 1 1 1 1 1 1 1 1 1 1 1 1 1 1 1 1 1 1 1 1 1 1 1 1 0 0 0 1 1 1 1 1 1 1 1 1 1 1 1 1 1 1 1 1 1 1 1 1 1 1 
0 1 1 1 1 1 1 1 1 1 1 1 1 1 1 1 1 1 1 1 1 1 1 1 1 1 1 1 1 1 1 1 1 0 0 0 1 1 1 1 1 1 1 1 1 1 1 1 1 1 1 1 1 1 1 1 1 1 1 
0 1 1 1 1 1 1 1 1 1 1 1 1 1 1 1 1 1 1 1 1 1 1 1 1 1 1 1 1 1 1 1 1 0 0 0 1 1 1 1 1 1 1 1 1 1 1 1 1 1 1 1 1 1 1 1 1 1 1 
0 1 1 1 1 1 1 1 1 1 1 1 1 1 1 1 1 1 1 1 1 1 1 1 1 1 1 1 1 1 1 1 1 1 1 1 0 0 0 0 0 0 1 1 1 1 1 1 1 1 1 1 1 1 1 1 1 1 1 
0 1 1 1 1 1 1 1 1 1 1 1 1 1 1 1 1 1 1 1 1 1 1 1 1 1 1 1 1 1 1 1 1 1 1 1 0 0 0 0 0 0 1 1 1 1 1 1 1 1 1 1 1 1 1 1 1 1 1 
0 1 1 1 1 1 1 1 1 1 1 1 1 1 1 1 1 1 1 1 1 1 1 1 1 1 1 1 1 1 1 1 1 1 1 1 0 0 0 0 0 0 1 1 1 1 1 1 1 1 1 1 1 1 1 1 1 1 1 
0 1 1 1 1 1 1 1 1 1 1 1 1 1 1 1 1 1 1 1 1 1 1 1 1 1 1 1 1 1 1 1 1 1 1 1 0 0 0 0 0 0 1 1 1 1 1 1 1 1 1 1 1 1 1 1 1 1 1 
0 1 1 1 1 1 1 1 1 1 1 1 1 1 1 1 1 1 1 1 1 1 1 1 1 1 1 1 1 1 1 1 1 1 1 1 0 0 0 0 0 0 1 1 1 1 1 1 1 1 1 1 1 1 1 1 1 1 1 
0 1 1 1 1 1 1 1 1 1 1 1 1 1 1 1 1 1 1 1 1 1 1 1 1 1 1 1 1 1 1 1 1 1 1 1 0 0 0 0 0 0 1 1 1 1 1 1 1 1 1 1 1 1 1 1 1 1 1 
0 1 1 1 1 1 1 1 1 1 1 1 1 1 1 1 1 1 1 1 1 1 1 1 1 1 1 1 1 1 1 1 1 1 1 1 1 1 1 1 1 1 0 0 0 0 0 1 1 1 1 1 1 1 1 1 1 1 1 
0 1 1 1 1 1 1 1 1 1 1 1 1 1 1 1 1 1 1 1 1 1 1 1 1 1 1 1 1 1 1 1 1 1 1 1 1 1 1 1 1 1 0 0 0 0 0 1 1 1 1 1 1 1 1 1 1 1 1 
0 1 1 1 1 1 1 1 1 1 1 1 1 1 1 1 1 1 1 1 1 1 1 1 1 1 1 1 1 1 1 1 1 1 1 1 1 1 1 1 1 1 0 0 0 0 0 1 1 1 1 1 1 1 1 1 1 1 1 
0 1 1 1 1 1 1 1 1 1 1 1 1 1 1 1 1 1 1 1 1 1 1 1 1 1 1 1 1 1 1 1 1 1 1 1 1 1 1 1 1 1 0 0 0 0 0 1 1 1 1 1 1 1 1 1 1 1 1 
0 1 1 1 1 1 1 1 1 1 1 1 1 1 1 1 1 1 1 1 1 1 1 1 1 1 1 1 1 1 1 1 1 1 1 1 1 1 1 1 1 1 0 0 0 0 0 1 1 1 1 1 1 1 1 1 1 1 1 
0 1 1 1 1 1 1 1 1 1 1 1 1 1 1 1 1 1 1 1 1 1 1 1 1 1 1 1 1 1 1 1 1 1 1 1 1 1 1 1 1 1 1 1 1 1 1 0 0 0 1 1 1 1 1 1 1 1 1 
0 1 1 1 1 1 1 1 1 1 1 1 1 1 1 1 1 1 1 1 1 1 1 1 1 1 1 1 1 1 1 1 1 1 1 1 1 1 1 1 1 1 1 1 1 1 1 0 0 0 1 1 1 1 1 1 1 1 1 
0 1 1 1 1 1 1 1 1 1 1 1 1 1 1 1 1 1 1 1 1 1 1 1 1 1 1 1 1 1 1 1 1 1 1 1 1 1 1 1 1 1 1 1 1 1 1 0 0 0 1 1 1 1 1 1 1 1 1 
0 1 1 1 1 1 1 1 1 1 1 1 1 1 1 1 1 1 1 1 1 1 1 1 1 1 1 1 1 1 1 1 1 1 1 1 1 1 1 1 1 1 1 1 1 1 1 1 1 1 0 0 0 0 1 1 1 1 1 
0 1 1 1 1 1 1 1 1 1 1 1 1 1 1 1 1 1 1 1 1 1 1 1 1 1 1 1 1 1 1 1 1 1 1 1 1 1 1 1 1 1 1 1 1 1 1 1 1 1 0 0 0 0 1 1 1 1 1 
0 1 1 1 1 1 1 1 1 1 1 1 1 1 1 1 1 1 1 1 1 1 1 1 1 1 1 1 1 1 1 1 1 1 1 1 1 1 1 1 1 1 1 1 1 1 1 1 1 1 0 0 0 0 1 1 1 1 1 
0 1 1 1 1 1 1 1 1 1 1 1 1 1 1 1 1 1 1 1 1 1 1 1 1 1 1 1 1 1 1 1 1 1 1 1 1 1 1 1 1 1 1 1 1 1 1 1 1 1 0 0 0 0 1 1 1 1 1 
0 1 1 1 1 1 1 1 1 1 1 1 1 1 1 1 1 1 1 1 1 1 1 1 1 1 1 1 1 1 1 1 1 1 1 1 1 1 1 1 1 1 1 1 1 1 1 1 1 1 1 1 1 1 0 0 0 0 0 
0 1 1 1 1 1 1 1 1 1 1 1 1 1 1 1 1 1 1 1 1 1 1 1 1 1 1 1 1 1 1 1 1 1 1 1 1 1 1 1 1 1 1 1 1 1 1 1 1 1 1 1 1 1 0 0 0 0 0 
0 1 1 1 1 1 1 1 1 1 1 1 1 1 1 1 1 1 1 1 1 1 1 1 1 1 1 1 1 1 1 1 1 1 1 1 1 1 1 1 1 1 1 1 1 1 1 1 1 1 1 1 1 1 0 0 0 0 0 
0 1 1 1 1 1 1 1 1 1 1 1 1 1 1 1 1 1 1 1 1 1 1 1 1 1 1 1 1 1 1 1 1 1 1 1 1 1 1 1 1 1 1 1 1 1 1 1 1 1 1 1 1 1 0 0 0 0 0 
0 1 1 1 1 1 1 1 1 1 1 1 1 1 1 1 1 1 1 1 1 1 1 1 1 1 1 1 1 1 1 1 1 1 1 1 1 1 1 1 1 1 1 1 1 1 1 1 1 1 1 1 1 1 0 0 0 0 0 

12
14
