26 
12 

2 
2 
3 
2 
2 
2 
2 
2 
3 
2 
2 
2 

63 

20 20 28.8462 28.8462 25.4237 25.4237 25.4237 26.7857 26.7857 22.3881 22.3881 22.7273 22.7273 22.0588 22.0588 23.8095 23.8095 31.9149 31.9149 31.9149 23.4375 23.4375 30.6122 30.6122 28.3019 28.3019 
20 20 28.8462 28.8462 25.4237 25.4237 25.4237 26.7857 26.7857 22.3881 22.3881 22.7273 22.7273 22.0588 22.0588 23.8095 23.8095 31.9149 31.9149 31.9149 23.4375 23.4375 30.6122 30.6122 28.3019 28.3019 
20 20 28.8462 28.8462 25.4237 25.4237 25.4237 26.7857 26.7857 22.3881 22.3881 22.7273 22.7273 22.0588 22.0588 23.8095 23.8095 31.9149 31.9149 31.9149 23.4375 23.4375 30.6122 30.6122 28.3019 28.3019 
12 12 17.3077 17.3077 15.2542 15.2542 15.2542 16.0714 16.0714 13.4328 13.4328 13.6364 13.6364 13.2353 13.2353 14.2857 14.2857 19.1489 19.1489 19.1489 14.0625 14.0625 18.3673 18.3673 16.9811 16.9811 
20 20 28.8462 28.8462 25.4237 25.4237 25.4237 26.7857 26.7857 22.3881 22.3881 22.7273 22.7273 22.0588 22.0588 23.8095 23.8095 31.9149 31.9149 31.9149 23.4375 23.4375 30.6122 30.6122 28.3019 28.3019 
20 20 28.8462 28.8462 25.4237 25.4237 25.4237 26.7857 26.7857 22.3881 22.3881 22.7273 22.7273 22.0588 22.0588 23.8095 23.8095 31.9149 31.9149 31.9149 23.4375 23.4375 30.6122 30.6122 28.3019 28.3019 
20 20 28.8462 28.8462 25.4237 25.4237 25.4237 26.7857 26.7857 22.3881 22.3881 22.7273 22.7273 22.0588 22.0588 23.8095 23.8095 31.9149 31.9149 31.9149 23.4375 23.4375 30.6122 30.6122 28.3019 28.3019 
20 20 28.8462 28.8462 25.4237 25.4237 25.4237 26.7857 26.7857 22.3881 22.3881 22.7273 22.7273 22.0588 22.0588 23.8095 23.8095 31.9149 31.9149 31.9149 23.4375 23.4375 30.6122 30.6122 28.3019 28.3019 
2.4 2.4 3.46154 3.46154 3.05085 3.05085 3.05085 3.21429 3.21429 2.68657 2.68657 2.72727 2.72727 2.64706 2.64706 2.85714 2.85714 3.82979 3.82979 3.82979 2.8125 2.8125 3.67347 3.67347 3.39623 3.39623 
20 20 28.8462 28.8462 25.4237 25.4237 25.4237 26.7857 26.7857 22.3881 22.3881 22.7273 22.7273 22.0588 22.0588 23.8095 23.8095 31.9149 31.9149 31.9149 23.4375 23.4375 30.6122 30.6122 28.3019 28.3019 
20 20 28.8462 28.8462 25.4237 25.4237 25.4237 26.7857 26.7857 22.3881 22.3881 22.7273 22.7273 22.0588 22.0588 23.8095 23.8095 31.9149 31.9149 31.9149 23.4375 23.4375 30.6122 30.6122 28.3019 28.3019 
20 20 28.8462 28.8462 25.4237 25.4237 25.4237 26.7857 26.7857 22.3881 22.3881 22.7273 22.7273 22.0588 22.0588 23.8095 23.8095 31.9149 31.9149 31.9149 23.4375 23.4375 30.6122 30.6122 28.3019 28.3019 
20 20 28.8462 28.8462 25.4237 25.4237 25.4237 26.7857 26.7857 22.3881 22.3881 22.7273 22.7273 22.0588 22.0588 23.8095 23.8095 31.9149 31.9149 31.9149 23.4375 23.4375 30.6122 30.6122 28.3019 28.3019 
9.6 9.6 13.8462 13.8462 12.2034 12.2034 12.2034 12.8571 12.8571 10.7463 10.7463 10.9091 10.9091 10.5882 10.5882 11.4286 11.4286 15.3191 15.3191 15.3191 11.25 11.25 14.6939 14.6939 13.5849 13.5849 
20 20 28.8462 28.8462 25.4237 25.4237 25.4237 26.7857 26.7857 22.3881 22.3881 22.7273 22.7273 22.0588 22.0588 23.8095 23.8095 31.9149 31.9149 31.9149 23.4375 23.4375 30.6122 30.6122 28.3019 28.3019 
20 20 28.8462 28.8462 25.4237 25.4237 25.4237 26.7857 26.7857 22.3881 22.3881 22.7273 22.7273 22.0588 22.0588 23.8095 23.8095 31.9149 31.9149 31.9149 23.4375 23.4375 30.6122 30.6122 28.3019 28.3019 
20 20 28.8462 28.8462 25.4237 25.4237 25.4237 26.7857 26.7857 22.3881 22.3881 22.7273 22.7273 22.0588 22.0588 23.8095 23.8095 31.9149 31.9149 31.9149 23.4375 23.4375 30.6122 30.6122 28.3019 28.3019 
14.4 14.4 20.7692 20.7692 18.3051 18.3051 18.3051 19.2857 19.2857 16.1194 16.1194 16.3636 16.3636 15.8824 15.8824 17.1429 17.1429 22.9787 22.9787 22.9787 16.875 16.875 22.0408 22.0408 20.3774 20.3774 
20 20 28.8462 28.8462 25.4237 25.4237 25.4237 26.7857 26.7857 22.3881 22.3881 22.7273 22.7273 22.0588 22.0588 23.8095 23.8095 31.9149 31.9149 31.9149 23.4375 23.4375 30.6122 30.6122 28.3019 28.3019 
20 20 28.8462 28.8462 25.4237 25.4237 25.4237 26.7857 26.7857 22.3881 22.3881 22.7273 22.7273 22.0588 22.0588 23.8095 23.8095 31.9149 31.9149 31.9149 23.4375 23.4375 30.6122 30.6122 28.3019 28.3019 
20 20 28.8462 28.8462 25.4237 25.4237 25.4237 26.7857 26.7857 22.3881 22.3881 22.7273 22.7273 22.0588 22.0588 23.8095 23.8095 31.9149 31.9149 31.9149 23.4375 23.4375 30.6122 30.6122 28.3019 28.3019 
7.2 7.2 10.3846 10.3846 9.15254 9.15254 9.15254 9.64286 9.64286 8.0597 8.0597 8.18182 8.18182 7.94118 7.94118 8.57143 8.57143 11.4894 11.4894 11.4894 8.4375 8.4375 11.0204 11.0204 10.1887 10.1887 
20 20 28.8462 28.8462 25.4237 25.4237 25.4237 26.7857 26.7857 22.3881 22.3881 22.7273 22.7273 22.0588 22.0588 23.8095 23.8095 31.9149 31.9149 31.9149 23.4375 23.4375 30.6122 30.6122 28.3019 28.3019 
20 20 28.8462 28.8462 25.4237 25.4237 25.4237 26.7857 26.7857 22.3881 22.3881 22.7273 22.7273 22.0588 22.0588 23.8095 23.8095 31.9149 31.9149 31.9149 23.4375 23.4375 30.6122 30.6122 28.3019 28.3019 
20 20 28.8462 28.8462 25.4237 25.4237 25.4237 26.7857 26.7857 22.3881 22.3881 22.7273 22.7273 22.0588 22.0588 23.8095 23.8095 31.9149 31.9149 31.9149 23.4375 23.4375 30.6122 30.6122 28.3019 28.3019 
12 12 17.3077 17.3077 15.2542 15.2542 15.2542 16.0714 16.0714 13.4328 13.4328 13.6364 13.6364 13.2353 13.2353 14.2857 14.2857 19.1489 19.1489 19.1489 14.0625 14.0625 18.3673 18.3673 16.9811 16.9811 
20 20 28.8462 28.8462 25.4237 25.4237 25.4237 26.7857 26.7857 22.3881 22.3881 22.7273 22.7273 22.0588 22.0588 23.8095 23.8095 31.9149 31.9149 31.9149 23.4375 23.4375 30.6122 30.6122 28.3019 28.3019 
20 20 28.8462 28.8462 25.4237 25.4237 25.4237 26.7857 26.7857 22.3881 22.3881 22.7273 22.7273 22.0588 22.0588 23.8095 23.8095 31.9149 31.9149 31.9149 23.4375 23.4375 30.6122 30.6122 28.3019 28.3019 
9.6 9.6 13.8462 13.8462 12.2034 12.2034 12.2034 12.8571 12.8571 10.7463 10.7463 10.9091 10.9091 10.5882 10.5882 11.4286 11.4286 15.3191 15.3191 15.3191 11.25 11.25 14.6939 14.6939 13.5849 13.5849 
20 20 28.8462 28.8462 25.4237 25.4237 25.4237 26.7857 26.7857 22.3881 22.3881 22.7273 22.7273 22.0588 22.0588 23.8095 23.8095 31.9149 31.9149 31.9149 23.4375 23.4375 30.6122 30.6122 28.3019 28.3019 
20 20 28.8462 28.8462 25.4237 25.4237 25.4237 26.7857 26.7857 22.3881 22.3881 22.7273 22.7273 22.0588 22.0588 23.8095 23.8095 31.9149 31.9149 31.9149 23.4375 23.4375 30.6122 30.6122 28.3019 28.3019 
20 20 28.8462 28.8462 25.4237 25.4237 25.4237 26.7857 26.7857 22.3881 22.3881 22.7273 22.7273 22.0588 22.0588 23.8095 23.8095 31.9149 31.9149 31.9149 23.4375 23.4375 30.6122 30.6122 28.3019 28.3019 
20 20 28.8462 28.8462 25.4237 25.4237 25.4237 26.7857 26.7857 22.3881 22.3881 22.7273 22.7273 22.0588 22.0588 23.8095 23.8095 31.9149 31.9149 31.9149 23.4375 23.4375 30.6122 30.6122 28.3019 28.3019 
20 20 28.8462 28.8462 25.4237 25.4237 25.4237 26.7857 26.7857 22.3881 22.3881 22.7273 22.7273 22.0588 22.0588 23.8095 23.8095 31.9149 31.9149 31.9149 23.4375 23.4375 30.6122 30.6122 28.3019 28.3019 
20 20 28.8462 28.8462 25.4237 25.4237 25.4237 26.7857 26.7857 22.3881 22.3881 22.7273 22.7273 22.0588 22.0588 23.8095 23.8095 31.9149 31.9149 31.9149 23.4375 23.4375 30.6122 30.6122 28.3019 28.3019 
4.8 4.8 6.92308 6.92308 6.1017 6.1017 6.1017 6.42857 6.42857 5.37313 5.37313 5.45455 5.45455 5.29412 5.29412 5.71429 5.71429 7.65957 7.65957 7.65957 5.625 5.625 7.34694 7.34694 6.79245 6.79245 
20 20 28.8462 28.8462 25.4237 25.4237 25.4237 26.7857 26.7857 22.3881 22.3881 22.7273 22.7273 22.0588 22.0588 23.8095 23.8095 31.9149 31.9149 31.9149 23.4375 23.4375 30.6122 30.6122 28.3019 28.3019 
20 20 28.8462 28.8462 25.4237 25.4237 25.4237 26.7857 26.7857 22.3881 22.3881 22.7273 22.7273 22.0588 22.0588 23.8095 23.8095 31.9149 31.9149 31.9149 23.4375 23.4375 30.6122 30.6122 28.3019 28.3019 
15.2 15.2 21.9231 21.9231 19.322 19.322 19.322 20.3571 20.3571 17.0149 17.0149 17.2727 17.2727 16.7647 16.7647 18.0952 18.0952 24.2553 24.2553 24.2553 17.8125 17.8125 23.2653 23.2653 21.5094 21.5094 
20 20 28.8462 28.8462 25.4237 25.4237 25.4237 26.7857 26.7857 22.3881 22.3881 22.7273 22.7273 22.0588 22.0588 23.8095 23.8095 31.9149 31.9149 31.9149 23.4375 23.4375 30.6122 30.6122 28.3019 28.3019 
20 20 28.8462 28.8462 25.4237 25.4237 25.4237 26.7857 26.7857 22.3881 22.3881 22.7273 22.7273 22.0588 22.0588 23.8095 23.8095 31.9149 31.9149 31.9149 23.4375 23.4375 30.6122 30.6122 28.3019 28.3019 
20 20 28.8462 28.8462 25.4237 25.4237 25.4237 26.7857 26.7857 22.3881 22.3881 22.7273 22.7273 22.0588 22.0588 23.8095 23.8095 31.9149 31.9149 31.9149 23.4375 23.4375 30.6122 30.6122 28.3019 28.3019 
20 20 28.8462 28.8462 25.4237 25.4237 25.4237 26.7857 26.7857 22.3881 22.3881 22.7273 22.7273 22.0588 22.0588 23.8095 23.8095 31.9149 31.9149 31.9149 23.4375 23.4375 30.6122 30.6122 28.3019 28.3019 
10.4 10.4 15 15 13.2203 13.2203 13.2203 13.9286 13.9286 11.6418 11.6418 11.8182 11.8182 11.4706 11.4706 12.381 12.381 16.5957 16.5957 16.5957 12.1875 12.1875 15.9184 15.9184 14.717 14.717 
20 20 28.8462 28.8462 25.4237 25.4237 25.4237 26.7857 26.7857 22.3881 22.3881 22.7273 22.7273 22.0588 22.0588 23.8095 23.8095 31.9149 31.9149 31.9149 23.4375 23.4375 30.6122 30.6122 28.3019 28.3019 
20 20 28.8462 28.8462 25.4237 25.4237 25.4237 26.7857 26.7857 22.3881 22.3881 22.7273 22.7273 22.0588 22.0588 23.8095 23.8095 31.9149 31.9149 31.9149 23.4375 23.4375 30.6122 30.6122 28.3019 28.3019 
20 20 28.8462 28.8462 25.4237 25.4237 25.4237 26.7857 26.7857 22.3881 22.3881 22.7273 22.7273 22.0588 22.0588 23.8095 23.8095 31.9149 31.9149 31.9149 23.4375 23.4375 30.6122 30.6122 28.3019 28.3019 
20 20 28.8462 28.8462 25.4237 25.4237 25.4237 26.7857 26.7857 22.3881 22.3881 22.7273 22.7273 22.0588 22.0588 23.8095 23.8095 31.9149 31.9149 31.9149 23.4375 23.4375 30.6122 30.6122 28.3019 28.3019 
1.6 1.6 2.30769 2.30769 2.0339 2.0339 2.0339 2.14286 2.14286 1.79104 1.79104 1.81818 1.81818 1.76471 1.76471 1.90476 1.90476 2.55319 2.55319 2.55319 1.875 1.875 2.44898 2.44898 2.26415 2.26415 
20 20 28.8462 28.8462 25.4237 25.4237 25.4237 26.7857 26.7857 22.3881 22.3881 22.7273 22.7273 22.0588 22.0588 23.8095 23.8095 31.9149 31.9149 31.9149 23.4375 23.4375 30.6122 30.6122 28.3019 28.3019 
20 20 28.8462 28.8462 25.4237 25.4237 25.4237 26.7857 26.7857 22.3881 22.3881 22.7273 22.7273 22.0588 22.0588 23.8095 23.8095 31.9149 31.9149 31.9149 23.4375 23.4375 30.6122 30.6122 28.3019 28.3019 
20 20 28.8462 28.8462 25.4237 25.4237 25.4237 26.7857 26.7857 22.3881 22.3881 22.7273 22.7273 22.0588 22.0588 23.8095 23.8095 31.9149 31.9149 31.9149 23.4375 23.4375 30.6122 30.6122 28.3019 28.3019 
20 20 28.8462 28.8462 25.4237 25.4237 25.4237 26.7857 26.7857 22.3881 22.3881 22.7273 22.7273 22.0588 22.0588 23.8095 23.8095 31.9149 31.9149 31.9149 23.4375 23.4375 30.6122 30.6122 28.3019 28.3019 
20 20 28.8462 28.8462 25.4237 25.4237 25.4237 26.7857 26.7857 22.3881 22.3881 22.7273 22.7273 22.0588 22.0588 23.8095 23.8095 31.9149 31.9149 31.9149 23.4375 23.4375 30.6122 30.6122 28.3019 28.3019 
1.6 1.6 2.30769 2.30769 2.0339 2.0339 2.0339 2.14286 2.14286 1.79104 1.79104 1.81818 1.81818 1.76471 1.76471 1.90476 1.90476 2.55319 2.55319 2.55319 1.875 1.875 2.44898 2.44898 2.26415 2.26415 
20 20 28.8462 28.8462 25.4237 25.4237 25.4237 26.7857 26.7857 22.3881 22.3881 22.7273 22.7273 22.0588 22.0588 23.8095 23.8095 31.9149 31.9149 31.9149 23.4375 23.4375 30.6122 30.6122 28.3019 28.3019 
20 20 28.8462 28.8462 25.4237 25.4237 25.4237 26.7857 26.7857 22.3881 22.3881 22.7273 22.7273 22.0588 22.0588 23.8095 23.8095 31.9149 31.9149 31.9149 23.4375 23.4375 30.6122 30.6122 28.3019 28.3019 
20 20 28.8462 28.8462 25.4237 25.4237 25.4237 26.7857 26.7857 22.3881 22.3881 22.7273 22.7273 22.0588 22.0588 23.8095 23.8095 31.9149 31.9149 31.9149 23.4375 23.4375 30.6122 30.6122 28.3019 28.3019 
20 20 28.8462 28.8462 25.4237 25.4237 25.4237 26.7857 26.7857 22.3881 22.3881 22.7273 22.7273 22.0588 22.0588 23.8095 23.8095 31.9149 31.9149 31.9149 23.4375 23.4375 30.6122 30.6122 28.3019 28.3019 
8 8 11.5385 11.5385 10.1695 10.1695 10.1695 10.7143 10.7143 8.95522 8.95522 9.09091 9.09091 8.82353 8.82353 9.52381 9.52381 12.766 12.766 12.766 9.375 9.375 12.2449 12.2449 11.3208 11.3208 
20 20 28.8462 28.8462 25.4237 25.4237 25.4237 26.7857 26.7857 22.3881 22.3881 22.7273 22.7273 22.0588 22.0588 23.8095 23.8095 31.9149 31.9149 31.9149 23.4375 23.4375 30.6122 30.6122 28.3019 28.3019 
20 20 28.8462 28.8462 25.4237 25.4237 25.4237 26.7857 26.7857 22.3881 22.3881 22.7273 22.7273 22.0588 22.0588 23.8095 23.8095 31.9149 31.9149 31.9149 23.4375 23.4375 30.6122 30.6122 28.3019 28.3019 
4 4 5.76923 5.76923 5.08475 5.08475 5.08475 5.35714 5.35714 4.47761 4.47761 4.54545 4.54545 4.41176 4.41176 4.7619 4.7619 6.38298 6.38298 6.38298 4.6875 4.6875 6.12245 6.12245 5.66038 5.66038 

43 43 27 27 37 37 37 27 27 25 25 45 45 27 27 38 38 44 44 44 43 43 43 43 28 28 

1 1 1 1 1 1 1 1 1 1 1 1 1 1 1 1 1 1 1 1 1 1 1 1 1 1 
1 1 1 1 1 1 1 1 1 1 1 1 1 1 1 1 1 1 1 1 1 1 1 1 1 1 
1 1 1 1 1 1 1 1 1 1 1 1 1 1 1 1 1 1 1 1 1 1 1 1 1 1 
1 1 1 1 1 1 1 1 1 1 1 1 1 1 1 1 1 1 1 1 1 1 1 1 1 1 
1 1 1 1 1 1 1 1 1 1 1 1 1 1 1 1 1 1 1 1 1 1 1 1 1 1 
1 1 1 1 1 1 1 1 1 1 1 1 1 1 1 1 1 1 1 1 1 1 1 1 1 1 
1 1 1 1 1 1 1 1 1 1 1 1 1 1 1 1 1 1 1 1 1 1 1 1 1 1 
1 1 1 1 1 1 1 1 1 1 1 1 1 1 1 1 1 1 1 1 1 1 1 1 1 1 
1 1 1 1 1 1 1 1 1 1 1 1 1 1 1 1 1 1 1 1 1 1 1 1 1 1 
1 1 1 1 1 1 1 1 1 1 1 1 1 1 1 1 1 1 1 1 1 1 1 1 1 1 
1 1 1 1 1 1 1 1 1 1 1 1 1 1 1 1 1 1 1 1 1 1 1 1 1 1 
1 1 1 1 1 1 1 1 1 1 1 1 1 1 1 1 1 1 1 1 1 1 1 1 1 1 
1 1 1 1 1 1 1 1 1 1 1 1 1 1 1 1 1 1 1 1 1 1 1 1 1 1 
1 1 1 1 1 1 1 1 1 1 1 1 1 1 1 1 1 1 1 1 1 1 1 1 1 1 
1 1 1 1 1 1 1 1 1 1 1 1 1 1 1 1 1 1 1 1 1 1 1 1 1 1 
1 1 1 1 1 1 1 1 1 1 1 1 1 1 1 1 1 1 1 1 1 1 1 1 1 1 
1 1 1 1 1 1 1 1 1 1 1 1 1 1 1 1 1 1 1 1 1 1 1 1 1 1 
1 1 1 1 1 1 1 1 1 1 1 1 1 1 1 1 1 1 1 1 1 1 1 1 1 1 
1 1 1 1 1 1 1 1 1 1 1 1 1 1 1 1 1 1 1 1 1 1 1 1 1 1 
1 1 1 1 1 1 1 1 1 1 1 1 1 1 1 1 1 1 1 1 1 1 1 1 1 1 
1 1 1 1 1 1 1 1 1 1 1 1 1 1 1 1 1 1 1 1 1 1 1 1 1 1 
1 1 1 1 1 1 1 1 1 1 1 1 1 1 1 1 1 1 1 1 1 1 1 1 1 1 
1 1 1 1 1 1 1 1 1 1 1 1 1 1 1 1 1 1 1 1 1 1 1 1 1 1 
1 1 1 1 1 1 1 1 1 1 1 1 1 1 1 1 1 1 1 1 1 1 1 1 1 1 
1 1 1 1 1 1 1 1 1 1 1 1 1 1 1 1 1 1 1 1 1 1 1 1 1 1 
1 1 1 1 1 1 1 1 1 1 1 1 1 1 1 1 1 1 1 1 1 1 1 1 1 1 
1 1 1 1 1 1 1 1 1 1 1 1 1 1 1 1 1 1 1 1 1 1 1 1 1 1 
1 1 1 1 1 1 1 1 1 1 1 1 1 1 1 1 1 1 1 1 1 1 1 1 1 1 
1 1 1 1 1 1 1 1 1 1 1 1 1 1 1 1 1 1 1 1 1 1 1 1 1 1 
1 1 1 1 1 1 1 1 1 1 1 1 1 1 1 1 1 1 1 1 1 1 1 1 1 1 
1 1 1 1 1 1 1 1 1 1 1 1 1 1 1 1 1 1 1 1 1 1 1 1 1 1 
1 1 1 1 1 1 1 1 1 1 1 1 1 1 1 1 1 1 1 1 1 1 1 1 1 1 
1 1 1 1 1 1 1 1 1 1 1 1 1 1 1 1 1 1 1 1 1 1 1 1 1 1 
1 1 1 1 1 1 1 1 1 1 1 1 1 1 1 1 1 1 1 1 1 1 1 1 1 1 
1 1 1 1 1 1 1 1 1 1 1 1 1 1 1 1 1 1 1 1 1 1 1 1 1 1 
1 1 1 1 1 1 1 1 1 1 1 1 1 1 1 1 1 1 1 1 1 1 1 1 1 1 
1 1 1 1 1 1 1 1 1 1 1 1 1 1 1 1 1 1 1 1 1 1 1 1 1 1 
1 1 1 1 1 1 1 1 1 1 1 1 1 1 1 1 1 1 1 1 1 1 1 1 1 1 
1 1 1 1 1 1 1 1 1 1 1 1 1 1 1 1 1 1 1 1 1 1 1 1 1 1 
1 1 1 1 1 1 1 1 1 1 1 1 1 1 1 1 1 1 1 1 1 1 1 1 1 1 
1 1 1 1 1 1 1 1 1 1 1 1 1 1 1 1 1 1 1 1 1 1 1 1 1 1 
1 1 1 1 1 1 1 1 1 1 1 1 1 1 1 1 1 1 1 1 1 1 1 1 1 1 
1 1 1 1 1 1 1 1 1 1 1 1 1 1 1 1 1 1 1 1 1 1 1 1 1 1 
1 1 1 1 1 1 1 1 1 1 1 1 1 1 1 1 1 1 1 1 1 1 1 1 1 1 
1 1 1 1 1 1 1 1 1 1 1 1 1 1 1 1 1 1 1 1 1 1 1 1 1 1 
1 1 1 1 1 1 1 1 1 1 1 1 1 1 1 1 1 1 1 1 1 1 1 1 1 1 
1 1 1 1 1 1 1 1 1 1 1 1 1 1 1 1 1 1 1 1 1 1 1 1 1 1 
1 1 1 1 1 1 1 1 1 1 1 1 1 1 1 1 1 1 1 1 1 1 1 1 1 1 
1 1 1 1 1 1 1 1 1 1 1 1 1 1 1 1 1 1 1 1 1 1 1 1 1 1 
1 1 1 1 1 1 1 1 1 1 1 1 1 1 1 1 1 1 1 1 1 1 1 1 1 1 
1 1 1 1 1 1 1 1 1 1 1 1 1 1 1 1 1 1 1 1 1 1 1 1 1 1 
1 1 1 1 1 1 1 1 1 1 1 1 1 1 1 1 1 1 1 1 1 1 1 1 1 1 
1 1 1 1 1 1 1 1 1 1 1 1 1 1 1 1 1 1 1 1 1 1 1 1 1 1 
1 1 1 1 1 1 1 1 1 1 1 1 1 1 1 1 1 1 1 1 1 1 1 1 1 1 
1 1 1 1 1 1 1 1 1 1 1 1 1 1 1 1 1 1 1 1 1 1 1 1 1 1 
1 1 1 1 1 1 1 1 1 1 1 1 1 1 1 1 1 1 1 1 1 1 1 1 1 1 
1 1 1 1 1 1 1 1 1 1 1 1 1 1 1 1 1 1 1 1 1 1 1 1 1 1 
1 1 1 1 1 1 1 1 1 1 1 1 1 1 1 1 1 1 1 1 1 1 1 1 1 1 
1 1 1 1 1 1 1 1 1 1 1 1 1 1 1 1 1 1 1 1 1 1 1 1 1 1 
1 1 1 1 1 1 1 1 1 1 1 1 1 1 1 1 1 1 1 1 1 1 1 1 1 1 
1 1 1 1 1 1 1 1 1 1 1 1 1 1 1 1 1 1 1 1 1 1 1 1 1 1 
1 1 1 1 1 1 1 1 1 1 1 1 1 1 1 1 1 1 1 1 1 1 1 1 1 1 
1 1 1 1 1 1 1 1 1 1 1 1 1 1 1 1 1 1 1 1 1 1 1 1 1 1 

29 
14 

2 
2 
3 
2 
2 
2 
2 
1 
2 
3 
2 
2 
2 
2 

63 

62 62 78 78 68 68 68 65 65 83 83 83 83 88 88 78 65 65 71 71 71 65 65 71 71 83 83 68 68 
62 62 78 78 68 68 68 65 65 83 83 83 83 88 88 78 65 65 71 71 71 65 65 71 71 83 83 68 68 
62 62 78 78 68 68 68 65 65 83 83 83 83 88 88 78 65 65 71 71 71 65 65 71 71 83 83 68 68 
37 37 47 47 40 40 40 39 39 50 50 50 50 52 52 47 39 39 42 42 42 39 39 42 42 50 50 40 40 
62 62 78 78 68 68 68 65 65 83 83 83 83 88 88 78 65 65 71 71 71 65 65 71 71 83 83 68 68 
62 62 78 78 68 68 68 65 65 83 83 83 83 88 88 78 65 65 71 71 71 65 65 71 71 83 83 68 68 
62 62 78 78 68 68 68 65 65 83 83 83 83 88 88 78 65 65 71 71 71 65 65 71 71 83 83 68 68 
62 62 78 78 68 68 68 65 65 83 83 83 83 88 88 78 65 65 71 71 71 65 65 71 71 83 83 68 68 
7 7 9 9 8 8 8 7 7 10 10 10 10 10 10 9 7 7 8 8 8 7 7 8 8 10 10 8 8 
62 62 78 78 68 68 68 65 65 83 83 83 83 88 88 78 65 65 71 71 71 65 65 71 71 83 83 68 68 
62 62 78 78 68 68 68 65 65 83 83 83 83 88 88 78 65 65 71 71 71 65 65 71 71 83 83 68 68 
62 62 78 78 68 68 68 65 65 83 83 83 83 88 88 78 65 65 71 71 71 65 65 71 71 83 83 68 68 
62 62 78 78 68 68 68 65 65 83 83 83 83 88 88 78 65 65 71 71 71 65 65 71 71 83 83 68 68 
30 30 37 37 32 32 32 31 31 40 40 40 40 42 42 37 31 31 34 34 34 31 31 34 34 40 40 32 32 
62 62 78 78 68 68 68 65 65 83 83 83 83 88 88 78 65 65 71 71 71 65 65 71 71 83 83 68 68 
62 62 78 78 68 68 68 65 65 83 83 83 83 88 88 78 65 65 71 71 71 65 65 71 71 83 83 68 68 
62 62 78 78 68 68 68 65 65 83 83 83 83 88 88 78 65 65 71 71 71 65 65 71 71 83 83 68 68 
45 45 56 56 49 49 49 46 46 60 60 60 60 63 63 56 46 46 51 51 51 46 46 51 51 60 60 49 49 
62 62 78 78 68 68 68 65 65 83 83 83 83 88 88 78 65 65 71 71 71 65 65 71 71 83 83 68 68 
62 62 78 78 68 68 68 65 65 83 83 83 83 88 88 78 65 65 71 71 71 65 65 71 71 83 83 68 68 
62 62 78 78 68 68 68 65 65 83 83 83 83 88 88 78 65 65 71 71 71 65 65 71 71 83 83 68 68 
22 22 28 28 24 24 24 23 23 30 30 30 30 31 31 28 23 23 25 25 25 23 23 25 25 30 30 24 24 
62 62 78 78 68 68 68 65 65 83 83 83 83 88 88 78 65 65 71 71 71 65 65 71 71 83 83 68 68 
62 62 78 78 68 68 68 65 65 83 83 83 83 88 88 78 65 65 71 71 71 65 65 71 71 83 83 68 68 
62 62 78 78 68 68 68 65 65 83 83 83 83 88 88 78 65 65 71 71 71 65 65 71 71 83 83 68 68 
37 37 47 47 40 40 40 39 39 50 50 50 50 52 52 47 39 39 42 42 42 39 39 42 42 50 50 40 40 
62 62 78 78 68 68 68 65 65 83 83 83 83 88 88 78 65 65 71 71 71 65 65 71 71 83 83 68 68 
62 62 78 78 68 68 68 65 65 83 83 83 83 88 88 78 65 65 71 71 71 65 65 71 71 83 83 68 68 
30 30 37 37 32 32 32 31 31 40 40 40 40 42 42 37 31 31 34 34 34 31 31 34 34 40 40 32 32 
62 62 78 78 68 68 68 65 65 83 83 83 83 88 88 78 65 65 71 71 71 65 65 71 71 83 83 68 68 
62 62 78 78 68 68 68 65 65 83 83 83 83 88 88 78 65 65 71 71 71 65 65 71 71 83 83 68 68 
62 62 78 78 68 68 68 65 65 83 83 83 83 88 88 78 65 65 71 71 71 65 65 71 71 83 83 68 68 
62 62 78 78 68 68 68 65 65 83 83 83 83 88 88 78 65 65 71 71 71 65 65 71 71 83 83 68 68 
62 62 78 78 68 68 68 65 65 83 83 83 83 88 88 78 65 65 71 71 71 65 65 71 71 83 83 68 68 
62 62 78 78 68 68 68 65 65 83 83 83 83 88 88 78 65 65 71 71 71 65 65 71 71 83 83 68 68 
15 15 18 18 16 16 16 15 15 20 20 20 20 21 21 18 15 15 17 17 17 15 15 17 17 20 20 16 16 
62 62 78 78 68 68 68 65 65 83 83 83 83 88 88 78 65 65 71 71 71 65 65 71 71 83 83 68 68 
62 62 78 78 68 68 68 65 65 83 83 83 83 88 88 78 65 65 71 71 71 65 65 71 71 83 83 68 68 
47 47 60 60 51 51 51 49 49 63 63 63 63 67 67 60 49 49 54 54 54 49 49 54 54 63 63 51 51 
62 62 78 78 68 68 68 65 65 83 83 83 83 88 88 78 65 65 71 71 71 65 65 71 71 83 83 68 68 
62 62 78 78 68 68 68 65 65 83 83 83 83 88 88 78 65 65 71 71 71 65 65 71 71 83 83 68 68 
62 62 78 78 68 68 68 65 65 83 83 83 83 88 88 78 65 65 71 71 71 65 65 71 71 83 83 68 68 
62 62 78 78 68 68 68 65 65 83 83 83 83 88 88 78 65 65 71 71 71 65 65 71 71 83 83 68 68 
32 32 41 41 35 35 35 33 33 43 43 43 43 45 45 41 33 33 37 37 37 33 33 37 37 43 43 35 35 
62 62 78 78 68 68 68 65 65 83 83 83 83 88 88 78 65 65 71 71 71 65 65 71 71 83 83 68 68 
62 62 78 78 68 68 68 65 65 83 83 83 83 88 88 78 65 65 71 71 71 65 65 71 71 83 83 68 68 
62 62 78 78 68 68 68 65 65 83 83 83 83 88 88 78 65 65 71 71 71 65 65 71 71 83 83 68 68 
62 62 78 78 68 68 68 65 65 83 83 83 83 88 88 78 65 65 71 71 71 65 65 71 71 83 83 68 68 
5 5 6 6 5 5 5 5 5 6 6 6 6 7 7 6 5 5 5 5 5 5 5 5 5 6 6 5 5 
62 62 78 78 68 68 68 65 65 83 83 83 83 88 88 78 65 65 71 71 71 65 65 71 71 83 83 68 68 
62 62 78 78 68 68 68 65 65 83 83 83 83 88 88 78 65 65 71 71 71 65 65 71 71 83 83 68 68 
62 62 78 78 68 68 68 65 65 83 83 83 83 88 88 78 65 65 71 71 71 65 65 71 71 83 83 68 68 
62 62 78 78 68 68 68 65 65 83 83 83 83 88 88 78 65 65 71 71 71 65 65 71 71 83 83 68 68 
62 62 78 78 68 68 68 65 65 83 83 83 83 88 88 78 65 65 71 71 71 65 65 71 71 83 83 68 68 
5 5 6 6 5 5 5 5 5 6 6 6 6 7 7 6 5 5 5 5 5 5 5 5 5 6 6 5 5 
62 62 78 78 68 68 68 65 65 83 83 83 83 88 88 78 65 65 71 71 71 65 65 71 71 83 83 68 68 
62 62 78 78 68 68 68 65 65 83 83 83 83 88 88 78 65 65 71 71 71 65 65 71 71 83 83 68 68 
62 62 78 78 68 68 68 65 65 83 83 83 83 88 88 78 65 65 71 71 71 65 65 71 71 83 83 68 68 
62 62 78 78 68 68 68 65 65 83 83 83 83 88 88 78 65 65 71 71 71 65 65 71 71 83 83 68 68 
25 25 31 31 27 27 27 26 26 33 33 33 33 35 35 31 26 26 28 28 28 26 26 28 28 33 33 27 27 
62 62 78 78 68 68 68 65 65 83 83 83 83 88 88 78 65 65 71 71 71 65 65 71 71 83 83 68 68 
62 62 78 78 68 68 68 65 65 83 83 83 83 88 88 78 65 65 71 71 71 65 65 71 71 83 83 68 68 
12 12 15 15 13 13 13 13 13 16 16 16 16 17 17 15 13 13 14 14 14 13 13 14 14 16 16 13 13 

39 
39 
45 
45 
26 
26 
26 
45 
45 
27 
27 
44 
44 
29 
29 
29 
33 
33 
38 
38 
38 
40 
40 
45 
45 
34 
34 
35 
35 

1 1 1 1 1 1 1 1 1 1 1 1 1 1 1 1 1 1 1 1 1 1 1 1 1 1 1 1 1 
1 1 1 1 1 1 1 1 1 1 1 1 1 1 1 1 1 1 1 1 1 1 1 1 1 1 1 1 1 
1 1 1 1 1 1 1 1 1 1 1 1 1 1 1 1 1 1 1 1 1 1 1 1 1 1 1 1 1 
1 1 1 1 1 1 1 1 1 1 1 1 1 1 1 1 1 1 1 1 1 1 1 1 1 1 1 1 1 
1 1 1 1 1 1 1 1 1 1 1 1 1 1 1 1 1 1 1 1 1 1 1 1 1 1 1 1 1 
1 1 1 1 1 1 1 1 1 1 1 1 1 1 1 1 1 1 1 1 1 1 1 1 1 1 1 1 1 
1 1 1 1 1 1 1 1 1 1 1 1 1 1 1 1 1 1 1 1 1 1 1 1 1 1 1 1 1 
1 1 1 1 1 1 1 1 1 1 1 1 1 1 1 1 1 1 1 1 1 1 1 1 1 1 1 1 1 
1 1 1 1 1 1 1 1 1 1 1 1 1 1 1 1 1 1 1 1 1 1 1 1 1 1 1 1 1 
1 1 1 1 1 1 1 1 1 1 1 1 1 1 1 1 1 1 1 1 1 1 1 1 1 1 1 1 1 
1 1 1 1 1 1 1 1 1 1 1 1 1 1 1 1 1 1 1 1 1 1 1 1 1 1 1 1 1 
1 1 1 1 1 1 1 1 1 1 1 1 1 1 1 1 1 1 1 1 1 1 1 1 1 1 1 1 1 
1 1 1 1 1 1 1 1 1 1 1 1 1 1 1 1 1 1 1 1 1 1 1 1 1 1 1 1 1 
1 1 1 1 1 1 1 1 1 1 1 1 1 1 1 1 1 1 1 1 1 1 1 1 1 1 1 1 1 
1 1 1 1 1 1 1 1 1 1 1 1 1 1 1 1 1 1 1 1 1 1 1 1 1 1 1 1 1 
1 1 1 1 1 1 1 1 1 1 1 1 1 1 1 1 1 1 1 1 1 1 1 1 1 1 1 1 1 
1 1 1 1 1 1 1 1 1 1 1 1 1 1 1 1 1 1 1 1 1 1 1 1 1 1 1 1 1 
1 1 1 1 1 1 1 1 1 1 1 1 1 1 1 1 1 1 1 1 1 1 1 1 1 1 1 1 1 
1 1 1 1 1 1 1 1 1 1 1 1 1 1 1 1 1 1 1 1 1 1 1 1 1 1 1 1 1 
1 1 1 1 1 1 1 1 1 1 1 1 1 1 1 1 1 1 1 1 1 1 1 1 1 1 1 1 1 
1 1 1 1 1 1 1 1 1 1 1 1 1 1 1 1 1 1 1 1 1 1 1 1 1 1 1 1 1 
1 1 1 1 1 1 1 1 1 1 1 1 1 1 1 1 1 1 1 1 1 1 1 1 1 1 1 1 1 
1 1 1 1 1 1 1 1 1 1 1 1 1 1 1 1 1 1 1 1 1 1 1 1 1 1 1 1 1 
1 1 1 1 1 1 1 1 1 1 1 1 1 1 1 1 1 1 1 1 1 1 1 1 1 1 1 1 1 
1 1 1 1 1 1 1 1 1 1 1 1 1 1 1 1 1 1 1 1 1 1 1 1 1 1 1 1 1 
1 1 1 1 1 1 1 1 1 1 1 1 1 1 1 1 1 1 1 1 1 1 1 1 1 1 1 1 1 
1 1 1 1 1 1 1 1 1 1 1 1 1 1 1 1 1 1 1 1 1 1 1 1 1 1 1 1 1 
1 1 1 1 1 1 1 1 1 1 1 1 1 1 1 1 1 1 1 1 1 1 1 1 1 1 1 1 1 
1 1 1 1 1 1 1 1 1 1 1 1 1 1 1 1 1 1 1 1 1 1 1 1 1 1 1 1 1 
1 1 1 1 1 1 1 1 1 1 1 1 1 1 1 1 1 1 1 1 1 1 1 1 1 1 1 1 1 
1 1 1 1 1 1 1 1 1 1 1 1 1 1 1 1 1 1 1 1 1 1 1 1 1 1 1 1 1 
1 1 1 1 1 1 1 1 1 1 1 1 1 1 1 1 1 1 1 1 1 1 1 1 1 1 1 1 1 
1 1 1 1 1 1 1 1 1 1 1 1 1 1 1 1 1 1 1 1 1 1 1 1 1 1 1 1 1 
1 1 1 1 1 1 1 1 1 1 1 1 1 1 1 1 1 1 1 1 1 1 1 1 1 1 1 1 1 
1 1 1 1 1 1 1 1 1 1 1 1 1 1 1 1 1 1 1 1 1 1 1 1 1 1 1 1 1 
1 1 1 1 1 1 1 1 1 1 1 1 1 1 1 1 1 1 1 1 1 1 1 1 1 1 1 1 1 
1 1 1 1 1 1 1 1 1 1 1 1 1 1 1 1 1 1 1 1 1 1 1 1 1 1 1 1 1 
1 1 1 1 1 1 1 1 1 1 1 1 1 1 1 1 1 1 1 1 1 1 1 1 1 1 1 1 1 
1 1 1 1 1 1 1 1 1 1 1 1 1 1 1 1 1 1 1 1 1 1 1 1 1 1 1 1 1 
1 1 1 1 1 1 1 1 1 1 1 1 1 1 1 1 1 1 1 1 1 1 1 1 1 1 1 1 1 
1 1 1 1 1 1 1 1 1 1 1 1 1 1 1 1 1 1 1 1 1 1 1 1 1 1 1 1 1 
1 1 1 1 1 1 1 1 1 1 1 1 1 1 1 1 1 1 1 1 1 1 1 1 1 1 1 1 1 
1 1 1 1 1 1 1 1 1 1 1 1 1 1 1 1 1 1 1 1 1 1 1 1 1 1 1 1 1 
1 1 1 1 1 1 1 1 1 1 1 1 1 1 1 1 1 1 1 1 1 1 1 1 1 1 1 1 1 
1 1 1 1 1 1 1 1 1 1 1 1 1 1 1 1 1 1 1 1 1 1 1 1 1 1 1 1 1 
1 1 1 1 1 1 1 1 1 1 1 1 1 1 1 1 1 1 1 1 1 1 1 1 1 1 1 1 1 
1 1 1 1 1 1 1 1 1 1 1 1 1 1 1 1 1 1 1 1 1 1 1 1 1 1 1 1 1 
1 1 1 1 1 1 1 1 1 1 1 1 1 1 1 1 1 1 1 1 1 1 1 1 1 1 1 1 1 
1 1 1 1 1 1 1 1 1 1 1 1 1 1 1 1 1 1 1 1 1 1 1 1 1 1 1 1 1 
1 1 1 1 1 1 1 1 1 1 1 1 1 1 1 1 1 1 1 1 1 1 1 1 1 1 1 1 1 
1 1 1 1 1 1 1 1 1 1 1 1 1 1 1 1 1 1 1 1 1 1 1 1 1 1 1 1 1 
1 1 1 1 1 1 1 1 1 1 1 1 1 1 1 1 1 1 1 1 1 1 1 1 1 1 1 1 1 
1 1 1 1 1 1 1 1 1 1 1 1 1 1 1 1 1 1 1 1 1 1 1 1 1 1 1 1 1 
1 1 1 1 1 1 1 1 1 1 1 1 1 1 1 1 1 1 1 1 1 1 1 1 1 1 1 1 1 
1 1 1 1 1 1 1 1 1 1 1 1 1 1 1 1 1 1 1 1 1 1 1 1 1 1 1 1 1 
1 1 1 1 1 1 1 1 1 1 1 1 1 1 1 1 1 1 1 1 1 1 1 1 1 1 1 1 1 
1 1 1 1 1 1 1 1 1 1 1 1 1 1 1 1 1 1 1 1 1 1 1 1 1 1 1 1 1 
1 1 1 1 1 1 1 1 1 1 1 1 1 1 1 1 1 1 1 1 1 1 1 1 1 1 1 1 1 
1 1 1 1 1 1 1 1 1 1 1 1 1 1 1 1 1 1 1 1 1 1 1 1 1 1 1 1 1 
1 1 1 1 1 1 1 1 1 1 1 1 1 1 1 1 1 1 1 1 1 1 1 1 1 1 1 1 1 
1 1 1 1 1 1 1 1 1 1 1 1 1 1 1 1 1 1 1 1 1 1 1 1 1 1 1 1 1 
1 1 1 1 1 1 1 1 1 1 1 1 1 1 1 1 1 1 1 1 1 1 1 1 1 1 1 1 1 
1 1 1 1 1 1 1 1 1 1 1 1 1 1 1 1 1 1 1 1 1 1 1 1 1 1 1 1 1 

14 
0 1 1 1 1 1 1 1 1 1 1 1 1 1 1 1 1 1 1 1 1 1 1 1 1 1 1 1 1 1 1 1 1 1 1 1 1 1 1 1 1 1 1 1 1 1 1 1 1 1 1 1 1 1 1 1 1 1 1 1 1 1 1 1 
0 0 0 0 0 1 1 1 1 1 1 1 1 1 1 1 1 1 1 1 1 1 1 1 1 1 1 1 1 1 1 1 1 1 1 1 1 1 1 1 1 1 1 1 1 1 1 1 1 1 1 1 1 1 1 1 1 1 1 1 1 1 1 1 
0 0 0 0 0 1 1 1 1 1 1 1 1 1 1 1 1 1 1 1 1 1 1 1 1 1 1 1 1 1 1 1 1 1 1 1 1 1 1 1 1 1 1 1 1 1 1 1 1 1 1 1 1 1 1 1 1 1 1 1 1 1 1 1 
0 0 0 0 0 1 1 1 1 1 1 1 1 1 1 1 1 1 1 1 1 1 1 1 1 1 1 1 1 1 1 1 1 1 1 1 1 1 1 1 1 1 1 1 1 1 1 1 1 1 1 1 1 1 1 1 1 1 1 1 1 1 1 1 
0 0 0 0 0 1 1 1 1 1 1 1 1 1 1 1 1 1 1 1 1 1 1 1 1 1 1 1 1 1 1 1 1 1 1 1 1 1 1 1 1 1 1 1 1 1 1 1 1 1 1 1 1 1 1 1 1 1 1 1 1 1 1 1 
0 1 1 1 1 0 0 0 0 0 1 1 1 1 1 1 1 1 1 1 1 1 1 1 1 1 1 1 1 1 1 1 1 1 1 1 1 1 1 1 1 1 1 1 1 1 1 1 1 1 1 1 1 1 1 1 1 1 1 1 1 1 1 1 
0 1 1 1 1 0 0 0 0 0 1 1 1 1 1 1 1 1 1 1 1 1 1 1 1 1 1 1 1 1 1 1 1 1 1 1 1 1 1 1 1 1 1 1 1 1 1 1 1 1 1 1 1 1 1 1 1 1 1 1 1 1 1 1 
0 1 1 1 1 0 0 0 0 0 1 1 1 1 1 1 1 1 1 1 1 1 1 1 1 1 1 1 1 1 1 1 1 1 1 1 1 1 1 1 1 1 1 1 1 1 1 1 1 1 1 1 1 1 1 1 1 1 1 1 1 1 1 1 
0 1 1 1 1 0 0 0 0 0 1 1 1 1 1 1 1 1 1 1 1 1 1 1 1 1 1 1 1 1 1 1 1 1 1 1 1 1 1 1 1 1 1 1 1 1 1 1 1 1 1 1 1 1 1 1 1 1 1 1 1 1 1 1 
0 1 1 1 1 0 0 0 0 0 1 1 1 1 1 1 1 1 1 1 1 1 1 1 1 1 1 1 1 1 1 1 1 1 1 1 1 1 1 1 1 1 1 1 1 1 1 1 1 1 1 1 1 1 1 1 1 1 1 1 1 1 1 1 
0 1 1 1 1 1 1 1 1 1 0 0 0 0 0 1 1 1 1 1 1 1 1 1 1 1 1 1 1 1 1 1 1 1 1 1 1 1 1 1 1 1 1 1 1 1 1 1 1 1 1 1 1 1 1 1 1 1 1 1 1 1 1 1 
0 1 1 1 1 1 1 1 1 1 0 0 0 0 0 1 1 1 1 1 1 1 1 1 1 1 1 1 1 1 1 1 1 1 1 1 1 1 1 1 1 1 1 1 1 1 1 1 1 1 1 1 1 1 1 1 1 1 1 1 1 1 1 1 
0 1 1 1 1 1 1 1 1 1 0 0 0 0 0 1 1 1 1 1 1 1 1 1 1 1 1 1 1 1 1 1 1 1 1 1 1 1 1 1 1 1 1 1 1 1 1 1 1 1 1 1 1 1 1 1 1 1 1 1 1 1 1 1 
0 1 1 1 1 1 1 1 1 1 0 0 0 0 0 1 1 1 1 1 1 1 1 1 1 1 1 1 1 1 1 1 1 1 1 1 1 1 1 1 1 1 1 1 1 1 1 1 1 1 1 1 1 1 1 1 1 1 1 1 1 1 1 1 
0 1 1 1 1 1 1 1 1 1 0 0 0 0 0 1 1 1 1 1 1 1 1 1 1 1 1 1 1 1 1 1 1 1 1 1 1 1 1 1 1 1 1 1 1 1 1 1 1 1 1 1 1 1 1 1 1 1 1 1 1 1 1 1 
0 1 1 1 1 1 1 1 1 1 1 1 1 1 1 0 0 0 0 1 1 1 1 1 1 1 1 1 1 1 1 1 1 1 1 1 1 1 1 1 1 1 1 1 1 1 1 1 1 1 1 1 1 1 1 1 1 1 1 1 1 1 1 1 
0 1 1 1 1 1 1 1 1 1 1 1 1 1 1 0 0 0 0 1 1 1 1 1 1 1 1 1 1 1 1 1 1 1 1 1 1 1 1 1 1 1 1 1 1 1 1 1 1 1 1 1 1 1 1 1 1 1 1 1 1 1 1 1 
0 1 1 1 1 1 1 1 1 1 1 1 1 1 1 0 0 0 0 1 1 1 1 1 1 1 1 1 1 1 1 1 1 1 1 1 1 1 1 1 1 1 1 1 1 1 1 1 1 1 1 1 1 1 1 1 1 1 1 1 1 1 1 1 
0 1 1 1 1 1 1 1 1 1 1 1 1 1 1 0 0 0 0 1 1 1 1 1 1 1 1 1 1 1 1 1 1 1 1 1 1 1 1 1 1 1 1 1 1 1 1 1 1 1 1 1 1 1 1 1 1 1 1 1 1 1 1 1 
0 1 1 1 1 1 1 1 1 1 1 1 1 1 1 1 1 1 1 0 0 0 0 1 1 1 1 1 1 1 1 1 1 1 1 1 1 1 1 1 1 1 1 1 1 1 1 1 1 1 1 1 1 1 1 1 1 1 1 1 1 1 1 1 
0 1 1 1 1 1 1 1 1 1 1 1 1 1 1 1 1 1 1 0 0 0 0 1 1 1 1 1 1 1 1 1 1 1 1 1 1 1 1 1 1 1 1 1 1 1 1 1 1 1 1 1 1 1 1 1 1 1 1 1 1 1 1 1 
0 1 1 1 1 1 1 1 1 1 1 1 1 1 1 1 1 1 1 0 0 0 0 1 1 1 1 1 1 1 1 1 1 1 1 1 1 1 1 1 1 1 1 1 1 1 1 1 1 1 1 1 1 1 1 1 1 1 1 1 1 1 1 1 
0 1 1 1 1 1 1 1 1 1 1 1 1 1 1 1 1 1 1 0 0 0 0 1 1 1 1 1 1 1 1 1 1 1 1 1 1 1 1 1 1 1 1 1 1 1 1 1 1 1 1 1 1 1 1 1 1 1 1 1 1 1 1 1 
0 1 1 1 1 1 1 1 1 1 1 1 1 1 1 1 1 1 1 1 1 1 1 0 0 0 0 1 1 1 1 1 1 1 1 1 1 1 1 1 1 1 1 1 1 1 1 1 1 1 1 1 1 1 1 1 1 1 1 1 1 1 1 1 
0 1 1 1 1 1 1 1 1 1 1 1 1 1 1 1 1 1 1 1 1 1 1 0 0 0 0 1 1 1 1 1 1 1 1 1 1 1 1 1 1 1 1 1 1 1 1 1 1 1 1 1 1 1 1 1 1 1 1 1 1 1 1 1 
0 1 1 1 1 1 1 1 1 1 1 1 1 1 1 1 1 1 1 1 1 1 1 0 0 0 0 1 1 1 1 1 1 1 1 1 1 1 1 1 1 1 1 1 1 1 1 1 1 1 1 1 1 1 1 1 1 1 1 1 1 1 1 1 
0 1 1 1 1 1 1 1 1 1 1 1 1 1 1 1 1 1 1 1 1 1 1 0 0 0 0 1 1 1 1 1 1 1 1 1 1 1 1 1 1 1 1 1 1 1 1 1 1 1 1 1 1 1 1 1 1 1 1 1 1 1 1 1 
0 1 1 1 1 1 1 1 1 1 1 1 1 1 1 1 1 1 1 1 1 1 1 1 1 1 1 0 0 0 1 1 1 1 1 1 1 1 1 1 1 1 1 1 1 1 1 1 1 1 1 1 1 1 1 1 1 1 1 1 1 1 1 1 
0 1 1 1 1 1 1 1 1 1 1 1 1 1 1 1 1 1 1 1 1 1 1 1 1 1 1 0 0 0 1 1 1 1 1 1 1 1 1 1 1 1 1 1 1 1 1 1 1 1 1 1 1 1 1 1 1 1 1 1 1 1 1 1 
0 1 1 1 1 1 1 1 1 1 1 1 1 1 1 1 1 1 1 1 1 1 1 1 1 1 1 0 0 0 1 1 1 1 1 1 1 1 1 1 1 1 1 1 1 1 1 1 1 1 1 1 1 1 1 1 1 1 1 1 1 1 1 1 
0 1 1 1 1 1 1 1 1 1 1 1 1 1 1 1 1 1 1 1 1 1 1 1 1 1 1 1 1 1 0 0 0 0 0 0 0 1 1 1 1 1 1 1 1 1 1 1 1 1 1 1 1 1 1 1 1 1 1 1 1 1 1 1 
0 1 1 1 1 1 1 1 1 1 1 1 1 1 1 1 1 1 1 1 1 1 1 1 1 1 1 1 1 1 0 0 0 0 0 0 0 1 1 1 1 1 1 1 1 1 1 1 1 1 1 1 1 1 1 1 1 1 1 1 1 1 1 1 
0 1 1 1 1 1 1 1 1 1 1 1 1 1 1 1 1 1 1 1 1 1 1 1 1 1 1 1 1 1 0 0 0 0 0 0 0 1 1 1 1 1 1 1 1 1 1 1 1 1 1 1 1 1 1 1 1 1 1 1 1 1 1 1 
0 1 1 1 1 1 1 1 1 1 1 1 1 1 1 1 1 1 1 1 1 1 1 1 1 1 1 1 1 1 0 0 0 0 0 0 0 1 1 1 1 1 1 1 1 1 1 1 1 1 1 1 1 1 1 1 1 1 1 1 1 1 1 1 
0 1 1 1 1 1 1 1 1 1 1 1 1 1 1 1 1 1 1 1 1 1 1 1 1 1 1 1 1 1 0 0 0 0 0 0 0 1 1 1 1 1 1 1 1 1 1 1 1 1 1 1 1 1 1 1 1 1 1 1 1 1 1 1 
0 1 1 1 1 1 1 1 1 1 1 1 1 1 1 1 1 1 1 1 1 1 1 1 1 1 1 1 1 1 0 0 0 0 0 0 0 1 1 1 1 1 1 1 1 1 1 1 1 1 1 1 1 1 1 1 1 1 1 1 1 1 1 1 
0 1 1 1 1 1 1 1 1 1 1 1 1 1 1 1 1 1 1 1 1 1 1 1 1 1 1 1 1 1 0 0 0 0 0 0 0 1 1 1 1 1 1 1 1 1 1 1 1 1 1 1 1 1 1 1 1 1 1 1 1 1 1 1 
0 1 1 1 1 1 1 1 1 1 1 1 1 1 1 1 1 1 1 1 1 1 1 1 1 1 1 1 1 1 1 1 1 1 1 1 1 0 0 0 1 1 1 1 1 1 1 1 1 1 1 1 1 1 1 1 1 1 1 1 1 1 1 1 
0 1 1 1 1 1 1 1 1 1 1 1 1 1 1 1 1 1 1 1 1 1 1 1 1 1 1 1 1 1 1 1 1 1 1 1 1 0 0 0 1 1 1 1 1 1 1 1 1 1 1 1 1 1 1 1 1 1 1 1 1 1 1 1 
0 1 1 1 1 1 1 1 1 1 1 1 1 1 1 1 1 1 1 1 1 1 1 1 1 1 1 1 1 1 1 1 1 1 1 1 1 0 0 0 1 1 1 1 1 1 1 1 1 1 1 1 1 1 1 1 1 1 1 1 1 1 1 1 
0 1 1 1 1 1 1 1 1 1 1 1 1 1 1 1 1 1 1 1 1 1 1 1 1 1 1 1 1 1 1 1 1 1 1 1 1 1 1 1 0 0 0 0 0 1 1 1 1 1 1 1 1 1 1 1 1 1 1 1 1 1 1 1 
0 1 1 1 1 1 1 1 1 1 1 1 1 1 1 1 1 1 1 1 1 1 1 1 1 1 1 1 1 1 1 1 1 1 1 1 1 1 1 1 0 0 0 0 0 1 1 1 1 1 1 1 1 1 1 1 1 1 1 1 1 1 1 1 
0 1 1 1 1 1 1 1 1 1 1 1 1 1 1 1 1 1 1 1 1 1 1 1 1 1 1 1 1 1 1 1 1 1 1 1 1 1 1 1 0 0 0 0 0 1 1 1 1 1 1 1 1 1 1 1 1 1 1 1 1 1 1 1 
0 1 1 1 1 1 1 1 1 1 1 1 1 1 1 1 1 1 1 1 1 1 1 1 1 1 1 1 1 1 1 1 1 1 1 1 1 1 1 1 0 0 0 0 0 1 1 1 1 1 1 1 1 1 1 1 1 1 1 1 1 1 1 1 
0 1 1 1 1 1 1 1 1 1 1 1 1 1 1 1 1 1 1 1 1 1 1 1 1 1 1 1 1 1 1 1 1 1 1 1 1 1 1 1 0 0 0 0 0 1 1 1 1 1 1 1 1 1 1 1 1 1 1 1 1 1 1 1 
0 1 1 1 1 1 1 1 1 1 1 1 1 1 1 1 1 1 1 1 1 1 1 1 1 1 1 1 1 1 1 1 1 1 1 1 1 1 1 1 1 1 1 1 1 0 0 0 0 0 1 1 1 1 1 1 1 1 1 1 1 1 1 1 
0 1 1 1 1 1 1 1 1 1 1 1 1 1 1 1 1 1 1 1 1 1 1 1 1 1 1 1 1 1 1 1 1 1 1 1 1 1 1 1 1 1 1 1 1 0 0 0 0 0 1 1 1 1 1 1 1 1 1 1 1 1 1 1 
0 1 1 1 1 1 1 1 1 1 1 1 1 1 1 1 1 1 1 1 1 1 1 1 1 1 1 1 1 1 1 1 1 1 1 1 1 1 1 1 1 1 1 1 1 0 0 0 0 0 1 1 1 1 1 1 1 1 1 1 1 1 1 1 
0 1 1 1 1 1 1 1 1 1 1 1 1 1 1 1 1 1 1 1 1 1 1 1 1 1 1 1 1 1 1 1 1 1 1 1 1 1 1 1 1 1 1 1 1 0 0 0 0 0 1 1 1 1 1 1 1 1 1 1 1 1 1 1 
0 1 1 1 1 1 1 1 1 1 1 1 1 1 1 1 1 1 1 1 1 1 1 1 1 1 1 1 1 1 1 1 1 1 1 1 1 1 1 1 1 1 1 1 1 0 0 0 0 0 1 1 1 1 1 1 1 1 1 1 1 1 1 1 
0 1 1 1 1 1 1 1 1 1 1 1 1 1 1 1 1 1 1 1 1 1 1 1 1 1 1 1 1 1 1 1 1 1 1 1 1 1 1 1 1 1 1 1 1 1 1 1 1 1 0 0 0 0 0 0 1 1 1 1 1 1 1 1 
0 1 1 1 1 1 1 1 1 1 1 1 1 1 1 1 1 1 1 1 1 1 1 1 1 1 1 1 1 1 1 1 1 1 1 1 1 1 1 1 1 1 1 1 1 1 1 1 1 1 0 0 0 0 0 0 1 1 1 1 1 1 1 1 
0 1 1 1 1 1 1 1 1 1 1 1 1 1 1 1 1 1 1 1 1 1 1 1 1 1 1 1 1 1 1 1 1 1 1 1 1 1 1 1 1 1 1 1 1 1 1 1 1 1 0 0 0 0 0 0 1 1 1 1 1 1 1 1 
0 1 1 1 1 1 1 1 1 1 1 1 1 1 1 1 1 1 1 1 1 1 1 1 1 1 1 1 1 1 1 1 1 1 1 1 1 1 1 1 1 1 1 1 1 1 1 1 1 1 0 0 0 0 0 0 1 1 1 1 1 1 1 1 
0 1 1 1 1 1 1 1 1 1 1 1 1 1 1 1 1 1 1 1 1 1 1 1 1 1 1 1 1 1 1 1 1 1 1 1 1 1 1 1 1 1 1 1 1 1 1 1 1 1 0 0 0 0 0 0 1 1 1 1 1 1 1 1 
0 1 1 1 1 1 1 1 1 1 1 1 1 1 1 1 1 1 1 1 1 1 1 1 1 1 1 1 1 1 1 1 1 1 1 1 1 1 1 1 1 1 1 1 1 1 1 1 1 1 0 0 0 0 0 0 1 1 1 1 1 1 1 1 
0 1 1 1 1 1 1 1 1 1 1 1 1 1 1 1 1 1 1 1 1 1 1 1 1 1 1 1 1 1 1 1 1 1 1 1 1 1 1 1 1 1 1 1 1 1 1 1 1 1 1 1 1 1 1 1 0 0 0 0 0 1 1 1 
0 1 1 1 1 1 1 1 1 1 1 1 1 1 1 1 1 1 1 1 1 1 1 1 1 1 1 1 1 1 1 1 1 1 1 1 1 1 1 1 1 1 1 1 1 1 1 1 1 1 1 1 1 1 1 1 0 0 0 0 0 1 1 1 
0 1 1 1 1 1 1 1 1 1 1 1 1 1 1 1 1 1 1 1 1 1 1 1 1 1 1 1 1 1 1 1 1 1 1 1 1 1 1 1 1 1 1 1 1 1 1 1 1 1 1 1 1 1 1 1 0 0 0 0 0 1 1 1 
0 1 1 1 1 1 1 1 1 1 1 1 1 1 1 1 1 1 1 1 1 1 1 1 1 1 1 1 1 1 1 1 1 1 1 1 1 1 1 1 1 1 1 1 1 1 1 1 1 1 1 1 1 1 1 1 0 0 0 0 0 1 1 1 
0 1 1 1 1 1 1 1 1 1 1 1 1 1 1 1 1 1 1 1 1 1 1 1 1 1 1 1 1 1 1 1 1 1 1 1 1 1 1 1 1 1 1 1 1 1 1 1 1 1 1 1 1 1 1 1 0 0 0 0 0 1 1 1 
0 1 1 1 1 1 1 1 1 1 1 1 1 1 1 1 1 1 1 1 1 1 1 1 1 1 1 1 1 1 1 1 1 1 1 1 1 1 1 1 1 1 1 1 1 1 1 1 1 1 1 1 1 1 1 1 1 1 1 1 1 0 0 0 
0 1 1 1 1 1 1 1 1 1 1 1 1 1 1 1 1 1 1 1 1 1 1 1 1 1 1 1 1 1 1 1 1 1 1 1 1 1 1 1 1 1 1 1 1 1 1 1 1 1 1 1 1 1 1 1 1 1 1 1 1 0 0 0 
0 1 1 1 1 1 1 1 1 1 1 1 1 1 1 1 1 1 1 1 1 1 1 1 1 1 1 1 1 1 1 1 1 1 1 1 1 1 1 1 1 1 1 1 1 1 1 1 1 1 1 1 1 1 1 1 1 1 1 1 1 0 0 0 

0 1 1 1 1 1 1 1 1 1 1 1 1 1 1 1 1 1 1 1 1 1 1 1 1 1 1 1 1 1 1 1 1 1 1 1 1 1 1 1 1 1 1 1 1 1 1 1 1 1 1 1 1 1 1 1 1 1 1 1 1 1 1 1 
0 0 0 0 0 1 1 1 1 1 1 1 1 1 1 1 1 1 1 1 1 1 1 1 1 1 1 1 1 1 1 1 1 1 1 1 1 1 1 1 1 1 1 1 1 1 1 1 1 1 1 1 1 1 1 1 1 1 1 1 1 1 1 1 
0 0 0 0 0 1 1 1 1 1 1 1 1 1 1 1 1 1 1 1 1 1 1 1 1 1 1 1 1 1 1 1 1 1 1 1 1 1 1 1 1 1 1 1 1 1 1 1 1 1 1 1 1 1 1 1 1 1 1 1 1 1 1 1 
0 0 0 0 0 1 1 1 1 1 1 1 1 1 1 1 1 1 1 1 1 1 1 1 1 1 1 1 1 1 1 1 1 1 1 1 1 1 1 1 1 1 1 1 1 1 1 1 1 1 1 1 1 1 1 1 1 1 1 1 1 1 1 1 
0 0 0 0 0 1 1 1 1 1 1 1 1 1 1 1 1 1 1 1 1 1 1 1 1 1 1 1 1 1 1 1 1 1 1 1 1 1 1 1 1 1 1 1 1 1 1 1 1 1 1 1 1 1 1 1 1 1 1 1 1 1 1 1 
0 1 1 1 1 0 0 0 0 0 1 1 1 1 1 1 1 1 1 1 1 1 1 1 1 1 1 1 1 1 1 1 1 1 1 1 1 1 1 1 1 1 1 1 1 1 1 1 1 1 1 1 1 1 1 1 1 1 1 1 1 1 1 1 
0 1 1 1 1 0 0 0 0 0 1 1 1 1 1 1 1 1 1 1 1 1 1 1 1 1 1 1 1 1 1 1 1 1 1 1 1 1 1 1 1 1 1 1 1 1 1 1 1 1 1 1 1 1 1 1 1 1 1 1 1 1 1 1 
0 1 1 1 1 0 0 0 0 0 1 1 1 1 1 1 1 1 1 1 1 1 1 1 1 1 1 1 1 1 1 1 1 1 1 1 1 1 1 1 1 1 1 1 1 1 1 1 1 1 1 1 1 1 1 1 1 1 1 1 1 1 1 1 
0 1 1 1 1 0 0 0 0 0 1 1 1 1 1 1 1 1 1 1 1 1 1 1 1 1 1 1 1 1 1 1 1 1 1 1 1 1 1 1 1 1 1 1 1 1 1 1 1 1 1 1 1 1 1 1 1 1 1 1 1 1 1 1 
0 1 1 1 1 0 0 0 0 0 1 1 1 1 1 1 1 1 1 1 1 1 1 1 1 1 1 1 1 1 1 1 1 1 1 1 1 1 1 1 1 1 1 1 1 1 1 1 1 1 1 1 1 1 1 1 1 1 1 1 1 1 1 1 
0 1 1 1 1 1 1 1 1 1 0 0 0 0 0 1 1 1 1 1 1 1 1 1 1 1 1 1 1 1 1 1 1 1 1 1 1 1 1 1 1 1 1 1 1 1 1 1 1 1 1 1 1 1 1 1 1 1 1 1 1 1 1 1 
0 1 1 1 1 1 1 1 1 1 0 0 0 0 0 1 1 1 1 1 1 1 1 1 1 1 1 1 1 1 1 1 1 1 1 1 1 1 1 1 1 1 1 1 1 1 1 1 1 1 1 1 1 1 1 1 1 1 1 1 1 1 1 1 
0 1 1 1 1 1 1 1 1 1 0 0 0 0 0 1 1 1 1 1 1 1 1 1 1 1 1 1 1 1 1 1 1 1 1 1 1 1 1 1 1 1 1 1 1 1 1 1 1 1 1 1 1 1 1 1 1 1 1 1 1 1 1 1 
0 1 1 1 1 1 1 1 1 1 0 0 0 0 0 1 1 1 1 1 1 1 1 1 1 1 1 1 1 1 1 1 1 1 1 1 1 1 1 1 1 1 1 1 1 1 1 1 1 1 1 1 1 1 1 1 1 1 1 1 1 1 1 1 
0 1 1 1 1 1 1 1 1 1 0 0 0 0 0 1 1 1 1 1 1 1 1 1 1 1 1 1 1 1 1 1 1 1 1 1 1 1 1 1 1 1 1 1 1 1 1 1 1 1 1 1 1 1 1 1 1 1 1 1 1 1 1 1 
0 1 1 1 1 1 1 1 1 1 1 1 1 1 1 0 0 0 0 1 1 1 1 1 1 1 1 1 1 1 1 1 1 1 1 1 1 1 1 1 1 1 1 1 1 1 1 1 1 1 1 1 1 1 1 1 1 1 1 1 1 1 1 1 
0 1 1 1 1 1 1 1 1 1 1 1 1 1 1 0 0 0 0 1 1 1 1 1 1 1 1 1 1 1 1 1 1 1 1 1 1 1 1 1 1 1 1 1 1 1 1 1 1 1 1 1 1 1 1 1 1 1 1 1 1 1 1 1 
0 1 1 1 1 1 1 1 1 1 1 1 1 1 1 0 0 0 0 1 1 1 1 1 1 1 1 1 1 1 1 1 1 1 1 1 1 1 1 1 1 1 1 1 1 1 1 1 1 1 1 1 1 1 1 1 1 1 1 1 1 1 1 1 
0 1 1 1 1 1 1 1 1 1 1 1 1 1 1 0 0 0 0 1 1 1 1 1 1 1 1 1 1 1 1 1 1 1 1 1 1 1 1 1 1 1 1 1 1 1 1 1 1 1 1 1 1 1 1 1 1 1 1 1 1 1 1 1 
0 1 1 1 1 1 1 1 1 1 1 1 1 1 1 1 1 1 1 0 0 0 0 1 1 1 1 1 1 1 1 1 1 1 1 1 1 1 1 1 1 1 1 1 1 1 1 1 1 1 1 1 1 1 1 1 1 1 1 1 1 1 1 1 
0 1 1 1 1 1 1 1 1 1 1 1 1 1 1 1 1 1 1 0 0 0 0 1 1 1 1 1 1 1 1 1 1 1 1 1 1 1 1 1 1 1 1 1 1 1 1 1 1 1 1 1 1 1 1 1 1 1 1 1 1 1 1 1 
0 1 1 1 1 1 1 1 1 1 1 1 1 1 1 1 1 1 1 0 0 0 0 1 1 1 1 1 1 1 1 1 1 1 1 1 1 1 1 1 1 1 1 1 1 1 1 1 1 1 1 1 1 1 1 1 1 1 1 1 1 1 1 1 
0 1 1 1 1 1 1 1 1 1 1 1 1 1 1 1 1 1 1 0 0 0 0 1 1 1 1 1 1 1 1 1 1 1 1 1 1 1 1 1 1 1 1 1 1 1 1 1 1 1 1 1 1 1 1 1 1 1 1 1 1 1 1 1 
0 1 1 1 1 1 1 1 1 1 1 1 1 1 1 1 1 1 1 1 1 1 1 0 0 0 0 1 1 1 1 1 1 1 1 1 1 1 1 1 1 1 1 1 1 1 1 1 1 1 1 1 1 1 1 1 1 1 1 1 1 1 1 1 
0 1 1 1 1 1 1 1 1 1 1 1 1 1 1 1 1 1 1 1 1 1 1 0 0 0 0 1 1 1 1 1 1 1 1 1 1 1 1 1 1 1 1 1 1 1 1 1 1 1 1 1 1 1 1 1 1 1 1 1 1 1 1 1 
0 1 1 1 1 1 1 1 1 1 1 1 1 1 1 1 1 1 1 1 1 1 1 0 0 0 0 1 1 1 1 1 1 1 1 1 1 1 1 1 1 1 1 1 1 1 1 1 1 1 1 1 1 1 1 1 1 1 1 1 1 1 1 1 
0 1 1 1 1 1 1 1 1 1 1 1 1 1 1 1 1 1 1 1 1 1 1 0 0 0 0 1 1 1 1 1 1 1 1 1 1 1 1 1 1 1 1 1 1 1 1 1 1 1 1 1 1 1 1 1 1 1 1 1 1 1 1 1 
0 1 1 1 1 1 1 1 1 1 1 1 1 1 1 1 1 1 1 1 1 1 1 1 1 1 1 0 0 0 1 1 1 1 1 1 1 1 1 1 1 1 1 1 1 1 1 1 1 1 1 1 1 1 1 1 1 1 1 1 1 1 1 1 
0 1 1 1 1 1 1 1 1 1 1 1 1 1 1 1 1 1 1 1 1 1 1 1 1 1 1 0 0 0 1 1 1 1 1 1 1 1 1 1 1 1 1 1 1 1 1 1 1 1 1 1 1 1 1 1 1 1 1 1 1 1 1 1 
0 1 1 1 1 1 1 1 1 1 1 1 1 1 1 1 1 1 1 1 1 1 1 1 1 1 1 0 0 0 1 1 1 1 1 1 1 1 1 1 1 1 1 1 1 1 1 1 1 1 1 1 1 1 1 1 1 1 1 1 1 1 1 1 
0 1 1 1 1 1 1 1 1 1 1 1 1 1 1 1 1 1 1 1 1 1 1 1 1 1 1 1 1 1 0 0 0 0 0 0 0 1 1 1 1 1 1 1 1 1 1 1 1 1 1 1 1 1 1 1 1 1 1 1 1 1 1 1 
0 1 1 1 1 1 1 1 1 1 1 1 1 1 1 1 1 1 1 1 1 1 1 1 1 1 1 1 1 1 0 0 0 0 0 0 0 1 1 1 1 1 1 1 1 1 1 1 1 1 1 1 1 1 1 1 1 1 1 1 1 1 1 1 
0 1 1 1 1 1 1 1 1 1 1 1 1 1 1 1 1 1 1 1 1 1 1 1 1 1 1 1 1 1 0 0 0 0 0 0 0 1 1 1 1 1 1 1 1 1 1 1 1 1 1 1 1 1 1 1 1 1 1 1 1 1 1 1 
0 1 1 1 1 1 1 1 1 1 1 1 1 1 1 1 1 1 1 1 1 1 1 1 1 1 1 1 1 1 0 0 0 0 0 0 0 1 1 1 1 1 1 1 1 1 1 1 1 1 1 1 1 1 1 1 1 1 1 1 1 1 1 1 
0 1 1 1 1 1 1 1 1 1 1 1 1 1 1 1 1 1 1 1 1 1 1 1 1 1 1 1 1 1 0 0 0 0 0 0 0 1 1 1 1 1 1 1 1 1 1 1 1 1 1 1 1 1 1 1 1 1 1 1 1 1 1 1 
0 1 1 1 1 1 1 1 1 1 1 1 1 1 1 1 1 1 1 1 1 1 1 1 1 1 1 1 1 1 0 0 0 0 0 0 0 1 1 1 1 1 1 1 1 1 1 1 1 1 1 1 1 1 1 1 1 1 1 1 1 1 1 1 
0 1 1 1 1 1 1 1 1 1 1 1 1 1 1 1 1 1 1 1 1 1 1 1 1 1 1 1 1 1 0 0 0 0 0 0 0 1 1 1 1 1 1 1 1 1 1 1 1 1 1 1 1 1 1 1 1 1 1 1 1 1 1 1 
0 1 1 1 1 1 1 1 1 1 1 1 1 1 1 1 1 1 1 1 1 1 1 1 1 1 1 1 1 1 1 1 1 1 1 1 1 0 0 0 1 1 1 1 1 1 1 1 1 1 1 1 1 1 1 1 1 1 1 1 1 1 1 1 
0 1 1 1 1 1 1 1 1 1 1 1 1 1 1 1 1 1 1 1 1 1 1 1 1 1 1 1 1 1 1 1 1 1 1 1 1 0 0 0 1 1 1 1 1 1 1 1 1 1 1 1 1 1 1 1 1 1 1 1 1 1 1 1 
0 1 1 1 1 1 1 1 1 1 1 1 1 1 1 1 1 1 1 1 1 1 1 1 1 1 1 1 1 1 1 1 1 1 1 1 1 0 0 0 1 1 1 1 1 1 1 1 1 1 1 1 1 1 1 1 1 1 1 1 1 1 1 1 
0 1 1 1 1 1 1 1 1 1 1 1 1 1 1 1 1 1 1 1 1 1 1 1 1 1 1 1 1 1 1 1 1 1 1 1 1 1 1 1 0 0 0 0 0 1 1 1 1 1 1 1 1 1 1 1 1 1 1 1 1 1 1 1 
0 1 1 1 1 1 1 1 1 1 1 1 1 1 1 1 1 1 1 1 1 1 1 1 1 1 1 1 1 1 1 1 1 1 1 1 1 1 1 1 0 0 0 0 0 1 1 1 1 1 1 1 1 1 1 1 1 1 1 1 1 1 1 1 
0 1 1 1 1 1 1 1 1 1 1 1 1 1 1 1 1 1 1 1 1 1 1 1 1 1 1 1 1 1 1 1 1 1 1 1 1 1 1 1 0 0 0 0 0 1 1 1 1 1 1 1 1 1 1 1 1 1 1 1 1 1 1 1 
0 1 1 1 1 1 1 1 1 1 1 1 1 1 1 1 1 1 1 1 1 1 1 1 1 1 1 1 1 1 1 1 1 1 1 1 1 1 1 1 0 0 0 0 0 1 1 1 1 1 1 1 1 1 1 1 1 1 1 1 1 1 1 1 
0 1 1 1 1 1 1 1 1 1 1 1 1 1 1 1 1 1 1 1 1 1 1 1 1 1 1 1 1 1 1 1 1 1 1 1 1 1 1 1 0 0 0 0 0 1 1 1 1 1 1 1 1 1 1 1 1 1 1 1 1 1 1 1 
0 1 1 1 1 1 1 1 1 1 1 1 1 1 1 1 1 1 1 1 1 1 1 1 1 1 1 1 1 1 1 1 1 1 1 1 1 1 1 1 1 1 1 1 1 0 0 0 0 0 1 1 1 1 1 1 1 1 1 1 1 1 1 1 
0 1 1 1 1 1 1 1 1 1 1 1 1 1 1 1 1 1 1 1 1 1 1 1 1 1 1 1 1 1 1 1 1 1 1 1 1 1 1 1 1 1 1 1 1 0 0 0 0 0 1 1 1 1 1 1 1 1 1 1 1 1 1 1 
0 1 1 1 1 1 1 1 1 1 1 1 1 1 1 1 1 1 1 1 1 1 1 1 1 1 1 1 1 1 1 1 1 1 1 1 1 1 1 1 1 1 1 1 1 0 0 0 0 0 1 1 1 1 1 1 1 1 1 1 1 1 1 1 
0 1 1 1 1 1 1 1 1 1 1 1 1 1 1 1 1 1 1 1 1 1 1 1 1 1 1 1 1 1 1 1 1 1 1 1 1 1 1 1 1 1 1 1 1 0 0 0 0 0 1 1 1 1 1 1 1 1 1 1 1 1 1 1 
0 1 1 1 1 1 1 1 1 1 1 1 1 1 1 1 1 1 1 1 1 1 1 1 1 1 1 1 1 1 1 1 1 1 1 1 1 1 1 1 1 1 1 1 1 0 0 0 0 0 1 1 1 1 1 1 1 1 1 1 1 1 1 1 
0 1 1 1 1 1 1 1 1 1 1 1 1 1 1 1 1 1 1 1 1 1 1 1 1 1 1 1 1 1 1 1 1 1 1 1 1 1 1 1 1 1 1 1 1 1 1 1 1 1 0 0 0 0 0 0 1 1 1 1 1 1 1 1 
0 1 1 1 1 1 1 1 1 1 1 1 1 1 1 1 1 1 1 1 1 1 1 1 1 1 1 1 1 1 1 1 1 1 1 1 1 1 1 1 1 1 1 1 1 1 1 1 1 1 0 0 0 0 0 0 1 1 1 1 1 1 1 1 
0 1 1 1 1 1 1 1 1 1 1 1 1 1 1 1 1 1 1 1 1 1 1 1 1 1 1 1 1 1 1 1 1 1 1 1 1 1 1 1 1 1 1 1 1 1 1 1 1 1 0 0 0 0 0 0 1 1 1 1 1 1 1 1 
0 1 1 1 1 1 1 1 1 1 1 1 1 1 1 1 1 1 1 1 1 1 1 1 1 1 1 1 1 1 1 1 1 1 1 1 1 1 1 1 1 1 1 1 1 1 1 1 1 1 0 0 0 0 0 0 1 1 1 1 1 1 1 1 
0 1 1 1 1 1 1 1 1 1 1 1 1 1 1 1 1 1 1 1 1 1 1 1 1 1 1 1 1 1 1 1 1 1 1 1 1 1 1 1 1 1 1 1 1 1 1 1 1 1 0 0 0 0 0 0 1 1 1 1 1 1 1 1 
0 1 1 1 1 1 1 1 1 1 1 1 1 1 1 1 1 1 1 1 1 1 1 1 1 1 1 1 1 1 1 1 1 1 1 1 1 1 1 1 1 1 1 1 1 1 1 1 1 1 0 0 0 0 0 0 1 1 1 1 1 1 1 1 
0 1 1 1 1 1 1 1 1 1 1 1 1 1 1 1 1 1 1 1 1 1 1 1 1 1 1 1 1 1 1 1 1 1 1 1 1 1 1 1 1 1 1 1 1 1 1 1 1 1 1 1 1 1 1 1 0 0 0 0 0 1 1 1 
0 1 1 1 1 1 1 1 1 1 1 1 1 1 1 1 1 1 1 1 1 1 1 1 1 1 1 1 1 1 1 1 1 1 1 1 1 1 1 1 1 1 1 1 1 1 1 1 1 1 1 1 1 1 1 1 0 0 0 0 0 1 1 1 
0 1 1 1 1 1 1 1 1 1 1 1 1 1 1 1 1 1 1 1 1 1 1 1 1 1 1 1 1 1 1 1 1 1 1 1 1 1 1 1 1 1 1 1 1 1 1 1 1 1 1 1 1 1 1 1 0 0 0 0 0 1 1 1 
0 1 1 1 1 1 1 1 1 1 1 1 1 1 1 1 1 1 1 1 1 1 1 1 1 1 1 1 1 1 1 1 1 1 1 1 1 1 1 1 1 1 1 1 1 1 1 1 1 1 1 1 1 1 1 1 0 0 0 0 0 1 1 1 
0 1 1 1 1 1 1 1 1 1 1 1 1 1 1 1 1 1 1 1 1 1 1 1 1 1 1 1 1 1 1 1 1 1 1 1 1 1 1 1 1 1 1 1 1 1 1 1 1 1 1 1 1 1 1 1 0 0 0 0 0 1 1 1 
0 1 1 1 1 1 1 1 1 1 1 1 1 1 1 1 1 1 1 1 1 1 1 1 1 1 1 1 1 1 1 1 1 1 1 1 1 1 1 1 1 1 1 1 1 1 1 1 1 1 1 1 1 1 1 1 1 1 1 1 1 0 0 0 
0 1 1 1 1 1 1 1 1 1 1 1 1 1 1 1 1 1 1 1 1 1 1 1 1 1 1 1 1 1 1 1 1 1 1 1 1 1 1 1 1 1 1 1 1 1 1 1 1 1 1 1 1 1 1 1 1 1 1 1 1 0 0 0 
0 1 1 1 1 1 1 1 1 1 1 1 1 1 1 1 1 1 1 1 1 1 1 1 1 1 1 1 1 1 1 1 1 1 1 1 1 1 1 1 1 1 1 1 1 1 1 1 1 1 1 1 1 1 1 1 1 1 1 1 1 0 0 0 

12
14
