26 
12 

2 
2 
3 
2 
2 
2 
2 
2 
3 
2 
2 
2 

59 

21.4286 21.4286 24.1935 24.1935 32.6087 32.6087 32.6087 21.7391 21.7391 20.8333 20.8333 22.0588 22.0588 25.4237 25.4237 23.0769 23.0769 33.3333 33.3333 33.3333 24.5902 24.5902 20.5479 20.5479 22.0588 22.0588 
21.4286 21.4286 24.1935 24.1935 32.6087 32.6087 32.6087 21.7391 21.7391 20.8333 20.8333 22.0588 22.0588 25.4237 25.4237 23.0769 23.0769 33.3333 33.3333 33.3333 24.5902 24.5902 20.5479 20.5479 22.0588 22.0588 
11.1429 11.1429 12.5806 12.5806 16.9565 16.9565 16.9565 11.3043 11.3043 10.8333 10.8333 11.4706 11.4706 13.2203 13.2203 12 12 17.3333 17.3333 17.3333 12.7869 12.7869 10.6849 10.6849 11.4706 11.4706 
21.4286 21.4286 24.1935 24.1935 32.6087 32.6087 32.6087 21.7391 21.7391 20.8333 20.8333 22.0588 22.0588 25.4237 25.4237 23.0769 23.0769 33.3333 33.3333 33.3333 24.5902 24.5902 20.5479 20.5479 22.0588 22.0588 
21.4286 21.4286 24.1935 24.1935 32.6087 32.6087 32.6087 21.7391 21.7391 20.8333 20.8333 22.0588 22.0588 25.4237 25.4237 23.0769 23.0769 33.3333 33.3333 33.3333 24.5902 24.5902 20.5479 20.5479 22.0588 22.0588 
21.4286 21.4286 24.1935 24.1935 32.6087 32.6087 32.6087 21.7391 21.7391 20.8333 20.8333 22.0588 22.0588 25.4237 25.4237 23.0769 23.0769 33.3333 33.3333 33.3333 24.5902 24.5902 20.5479 20.5479 22.0588 22.0588 
0.857143 0.857143 0.967742 0.967742 1.30435 1.30435 1.30435 0.869565 0.869565 0.833333 0.833333 0.882353 0.882353 1.01695 1.01695 0.923077 0.923077 1.33333 1.33333 1.33333 0.983607 0.983607 0.821918 0.821918 0.882353 0.882353 
21.4286 21.4286 24.1935 24.1935 32.6087 32.6087 32.6087 21.7391 21.7391 20.8333 20.8333 22.0588 22.0588 25.4237 25.4237 23.0769 23.0769 33.3333 33.3333 33.3333 24.5902 24.5902 20.5479 20.5479 22.0588 22.0588 
21.4286 21.4286 24.1935 24.1935 32.6087 32.6087 32.6087 21.7391 21.7391 20.8333 20.8333 22.0588 22.0588 25.4237 25.4237 23.0769 23.0769 33.3333 33.3333 33.3333 24.5902 24.5902 20.5479 20.5479 22.0588 22.0588 
21.4286 21.4286 24.1935 24.1935 32.6087 32.6087 32.6087 21.7391 21.7391 20.8333 20.8333 22.0588 22.0588 25.4237 25.4237 23.0769 23.0769 33.3333 33.3333 33.3333 24.5902 24.5902 20.5479 20.5479 22.0588 22.0588 
12.8571 12.8571 14.5161 14.5161 19.5652 19.5652 19.5652 13.0435 13.0435 12.5 12.5 13.2353 13.2353 15.2542 15.2542 13.8462 13.8462 20 20 20 14.7541 14.7541 12.3288 12.3288 13.2353 13.2353 
21.4286 21.4286 24.1935 24.1935 32.6087 32.6087 32.6087 21.7391 21.7391 20.8333 20.8333 22.0588 22.0588 25.4237 25.4237 23.0769 23.0769 33.3333 33.3333 33.3333 24.5902 24.5902 20.5479 20.5479 22.0588 22.0588 
21.4286 21.4286 24.1935 24.1935 32.6087 32.6087 32.6087 21.7391 21.7391 20.8333 20.8333 22.0588 22.0588 25.4237 25.4237 23.0769 23.0769 33.3333 33.3333 33.3333 24.5902 24.5902 20.5479 20.5479 22.0588 22.0588 
16.2857 16.2857 18.3871 18.3871 24.7826 24.7826 24.7826 16.5217 16.5217 15.8333 15.8333 16.7647 16.7647 19.322 19.322 17.5385 17.5385 25.3333 25.3333 25.3333 18.6885 18.6885 15.6164 15.6164 16.7647 16.7647 
21.4286 21.4286 24.1935 24.1935 32.6087 32.6087 32.6087 21.7391 21.7391 20.8333 20.8333 22.0588 22.0588 25.4237 25.4237 23.0769 23.0769 33.3333 33.3333 33.3333 24.5902 24.5902 20.5479 20.5479 22.0588 22.0588 
21.4286 21.4286 24.1935 24.1935 32.6087 32.6087 32.6087 21.7391 21.7391 20.8333 20.8333 22.0588 22.0588 25.4237 25.4237 23.0769 23.0769 33.3333 33.3333 33.3333 24.5902 24.5902 20.5479 20.5479 22.0588 22.0588 
19.7143 19.7143 22.2581 22.2581 30 30 30 20 20 19.1667 19.1667 20.2941 20.2941 23.3898 23.3898 21.2308 21.2308 30.6667 30.6667 30.6667 22.623 22.623 18.9041 18.9041 20.2941 20.2941 
21.4286 21.4286 24.1935 24.1935 32.6087 32.6087 32.6087 21.7391 21.7391 20.8333 20.8333 22.0588 22.0588 25.4237 25.4237 23.0769 23.0769 33.3333 33.3333 33.3333 24.5902 24.5902 20.5479 20.5479 22.0588 22.0588 
21.4286 21.4286 24.1935 24.1935 32.6087 32.6087 32.6087 21.7391 21.7391 20.8333 20.8333 22.0588 22.0588 25.4237 25.4237 23.0769 23.0769 33.3333 33.3333 33.3333 24.5902 24.5902 20.5479 20.5479 22.0588 22.0588 
21.4286 21.4286 24.1935 24.1935 32.6087 32.6087 32.6087 21.7391 21.7391 20.8333 20.8333 22.0588 22.0588 25.4237 25.4237 23.0769 23.0769 33.3333 33.3333 33.3333 24.5902 24.5902 20.5479 20.5479 22.0588 22.0588 
21.4286 21.4286 24.1935 24.1935 32.6087 32.6087 32.6087 21.7391 21.7391 20.8333 20.8333 22.0588 22.0588 25.4237 25.4237 23.0769 23.0769 33.3333 33.3333 33.3333 24.5902 24.5902 20.5479 20.5479 22.0588 22.0588 
0.857143 0.857143 0.967742 0.967742 1.30435 1.30435 1.30435 0.869565 0.869565 0.833333 0.833333 0.882353 0.882353 1.01695 1.01695 0.923077 0.923077 1.33333 1.33333 1.33333 0.983607 0.983607 0.821918 0.821918 0.882353 0.882353 
21.4286 21.4286 24.1935 24.1935 32.6087 32.6087 32.6087 21.7391 21.7391 20.8333 20.8333 22.0588 22.0588 25.4237 25.4237 23.0769 23.0769 33.3333 33.3333 33.3333 24.5902 24.5902 20.5479 20.5479 22.0588 22.0588 
21.4286 21.4286 24.1935 24.1935 32.6087 32.6087 32.6087 21.7391 21.7391 20.8333 20.8333 22.0588 22.0588 25.4237 25.4237 23.0769 23.0769 33.3333 33.3333 33.3333 24.5902 24.5902 20.5479 20.5479 22.0588 22.0588 
21.4286 21.4286 24.1935 24.1935 32.6087 32.6087 32.6087 21.7391 21.7391 20.8333 20.8333 22.0588 22.0588 25.4237 25.4237 23.0769 23.0769 33.3333 33.3333 33.3333 24.5902 24.5902 20.5479 20.5479 22.0588 22.0588 
21.4286 21.4286 24.1935 24.1935 32.6087 32.6087 32.6087 21.7391 21.7391 20.8333 20.8333 22.0588 22.0588 25.4237 25.4237 23.0769 23.0769 33.3333 33.3333 33.3333 24.5902 24.5902 20.5479 20.5479 22.0588 22.0588 
15.4286 15.4286 17.4194 17.4194 23.4783 23.4783 23.4783 15.6522 15.6522 15 15 15.8824 15.8824 18.3051 18.3051 16.6154 16.6154 24 24 24 17.7049 17.7049 14.7945 14.7945 15.8824 15.8824 
21.4286 21.4286 24.1935 24.1935 32.6087 32.6087 32.6087 21.7391 21.7391 20.8333 20.8333 22.0588 22.0588 25.4237 25.4237 23.0769 23.0769 33.3333 33.3333 33.3333 24.5902 24.5902 20.5479 20.5479 22.0588 22.0588 
21.4286 21.4286 24.1935 24.1935 32.6087 32.6087 32.6087 21.7391 21.7391 20.8333 20.8333 22.0588 22.0588 25.4237 25.4237 23.0769 23.0769 33.3333 33.3333 33.3333 24.5902 24.5902 20.5479 20.5479 22.0588 22.0588 
21.4286 21.4286 24.1935 24.1935 32.6087 32.6087 32.6087 21.7391 21.7391 20.8333 20.8333 22.0588 22.0588 25.4237 25.4237 23.0769 23.0769 33.3333 33.3333 33.3333 24.5902 24.5902 20.5479 20.5479 22.0588 22.0588 
21.4286 21.4286 24.1935 24.1935 32.6087 32.6087 32.6087 21.7391 21.7391 20.8333 20.8333 22.0588 22.0588 25.4237 25.4237 23.0769 23.0769 33.3333 33.3333 33.3333 24.5902 24.5902 20.5479 20.5479 22.0588 22.0588 
9.42857 9.42857 10.6452 10.6452 14.3478 14.3478 14.3478 9.56522 9.56522 9.16667 9.16667 9.70588 9.70588 11.1864 11.1864 10.1538 10.1538 14.6667 14.6667 14.6667 10.8197 10.8197 9.0411 9.0411 9.70588 9.70588 
21.4286 21.4286 24.1935 24.1935 32.6087 32.6087 32.6087 21.7391 21.7391 20.8333 20.8333 22.0588 22.0588 25.4237 25.4237 23.0769 23.0769 33.3333 33.3333 33.3333 24.5902 24.5902 20.5479 20.5479 22.0588 22.0588 
14.5714 14.5714 16.4516 16.4516 22.1739 22.1739 22.1739 14.7826 14.7826 14.1667 14.1667 15 15 17.2881 17.2881 15.6923 15.6923 22.6667 22.6667 22.6667 16.7213 16.7213 13.9726 13.9726 15 15 
21.4286 21.4286 24.1935 24.1935 32.6087 32.6087 32.6087 21.7391 21.7391 20.8333 20.8333 22.0588 22.0588 25.4237 25.4237 23.0769 23.0769 33.3333 33.3333 33.3333 24.5902 24.5902 20.5479 20.5479 22.0588 22.0588 
21.4286 21.4286 24.1935 24.1935 32.6087 32.6087 32.6087 21.7391 21.7391 20.8333 20.8333 22.0588 22.0588 25.4237 25.4237 23.0769 23.0769 33.3333 33.3333 33.3333 24.5902 24.5902 20.5479 20.5479 22.0588 22.0588 
21.4286 21.4286 24.1935 24.1935 32.6087 32.6087 32.6087 21.7391 21.7391 20.8333 20.8333 22.0588 22.0588 25.4237 25.4237 23.0769 23.0769 33.3333 33.3333 33.3333 24.5902 24.5902 20.5479 20.5479 22.0588 22.0588 
10.2857 10.2857 11.6129 11.6129 15.6522 15.6522 15.6522 10.4348 10.4348 10 10 10.5882 10.5882 12.2034 12.2034 11.0769 11.0769 16 16 16 11.8033 11.8033 9.86301 9.86301 10.5882 10.5882 
21.4286 21.4286 24.1935 24.1935 32.6087 32.6087 32.6087 21.7391 21.7391 20.8333 20.8333 22.0588 22.0588 25.4237 25.4237 23.0769 23.0769 33.3333 33.3333 33.3333 24.5902 24.5902 20.5479 20.5479 22.0588 22.0588 
21.4286 21.4286 24.1935 24.1935 32.6087 32.6087 32.6087 21.7391 21.7391 20.8333 20.8333 22.0588 22.0588 25.4237 25.4237 23.0769 23.0769 33.3333 33.3333 33.3333 24.5902 24.5902 20.5479 20.5479 22.0588 22.0588 
21.4286 21.4286 24.1935 24.1935 32.6087 32.6087 32.6087 21.7391 21.7391 20.8333 20.8333 22.0588 22.0588 25.4237 25.4237 23.0769 23.0769 33.3333 33.3333 33.3333 24.5902 24.5902 20.5479 20.5479 22.0588 22.0588 
21.4286 21.4286 24.1935 24.1935 32.6087 32.6087 32.6087 21.7391 21.7391 20.8333 20.8333 22.0588 22.0588 25.4237 25.4237 23.0769 23.0769 33.3333 33.3333 33.3333 24.5902 24.5902 20.5479 20.5479 22.0588 22.0588 
6.85714 6.85714 7.74194 7.74194 10.4348 10.4348 10.4348 6.95652 6.95652 6.66667 6.66667 7.05882 7.05882 8.13559 8.13559 7.38462 7.38462 10.6667 10.6667 10.6667 7.86885 7.86885 6.57534 6.57534 7.05882 7.05882 
21.4286 21.4286 24.1935 24.1935 32.6087 32.6087 32.6087 21.7391 21.7391 20.8333 20.8333 22.0588 22.0588 25.4237 25.4237 23.0769 23.0769 33.3333 33.3333 33.3333 24.5902 24.5902 20.5479 20.5479 22.0588 22.0588 
21.4286 21.4286 24.1935 24.1935 32.6087 32.6087 32.6087 21.7391 21.7391 20.8333 20.8333 22.0588 22.0588 25.4237 25.4237 23.0769 23.0769 33.3333 33.3333 33.3333 24.5902 24.5902 20.5479 20.5479 22.0588 22.0588 
21.4286 21.4286 24.1935 24.1935 32.6087 32.6087 32.6087 21.7391 21.7391 20.8333 20.8333 22.0588 22.0588 25.4237 25.4237 23.0769 23.0769 33.3333 33.3333 33.3333 24.5902 24.5902 20.5479 20.5479 22.0588 22.0588 
21.4286 21.4286 24.1935 24.1935 32.6087 32.6087 32.6087 21.7391 21.7391 20.8333 20.8333 22.0588 22.0588 25.4237 25.4237 23.0769 23.0769 33.3333 33.3333 33.3333 24.5902 24.5902 20.5479 20.5479 22.0588 22.0588 
21.4286 21.4286 24.1935 24.1935 32.6087 32.6087 32.6087 21.7391 21.7391 20.8333 20.8333 22.0588 22.0588 25.4237 25.4237 23.0769 23.0769 33.3333 33.3333 33.3333 24.5902 24.5902 20.5479 20.5479 22.0588 22.0588 
4.28571 4.28571 4.83871 4.83871 6.52174 6.52174 6.52174 4.34783 4.34783 4.16667 4.16667 4.41176 4.41176 5.08475 5.08475 4.61538 4.61538 6.66667 6.66667 6.66667 4.91803 4.91803 4.10959 4.10959 4.41176 4.41176 
21.4286 21.4286 24.1935 24.1935 32.6087 32.6087 32.6087 21.7391 21.7391 20.8333 20.8333 22.0588 22.0588 25.4237 25.4237 23.0769 23.0769 33.3333 33.3333 33.3333 24.5902 24.5902 20.5479 20.5479 22.0588 22.0588 
21.4286 21.4286 24.1935 24.1935 32.6087 32.6087 32.6087 21.7391 21.7391 20.8333 20.8333 22.0588 22.0588 25.4237 25.4237 23.0769 23.0769 33.3333 33.3333 33.3333 24.5902 24.5902 20.5479 20.5479 22.0588 22.0588 
21.4286 21.4286 24.1935 24.1935 32.6087 32.6087 32.6087 21.7391 21.7391 20.8333 20.8333 22.0588 22.0588 25.4237 25.4237 23.0769 23.0769 33.3333 33.3333 33.3333 24.5902 24.5902 20.5479 20.5479 22.0588 22.0588 
21.4286 21.4286 24.1935 24.1935 32.6087 32.6087 32.6087 21.7391 21.7391 20.8333 20.8333 22.0588 22.0588 25.4237 25.4237 23.0769 23.0769 33.3333 33.3333 33.3333 24.5902 24.5902 20.5479 20.5479 22.0588 22.0588 
7.71429 7.71429 8.70968 8.70968 11.7391 11.7391 11.7391 7.82609 7.82609 7.5 7.5 7.94118 7.94118 9.15254 9.15254 8.30769 8.30769 12 12 12 8.85246 8.85246 7.39726 7.39726 7.94118 7.94118 
21.4286 21.4286 24.1935 24.1935 32.6087 32.6087 32.6087 21.7391 21.7391 20.8333 20.8333 22.0588 22.0588 25.4237 25.4237 23.0769 23.0769 33.3333 33.3333 33.3333 24.5902 24.5902 20.5479 20.5479 22.0588 22.0588 
21.4286 21.4286 24.1935 24.1935 32.6087 32.6087 32.6087 21.7391 21.7391 20.8333 20.8333 22.0588 22.0588 25.4237 25.4237 23.0769 23.0769 33.3333 33.3333 33.3333 24.5902 24.5902 20.5479 20.5479 22.0588 22.0588 
21.4286 21.4286 24.1935 24.1935 32.6087 32.6087 32.6087 21.7391 21.7391 20.8333 20.8333 22.0588 22.0588 25.4237 25.4237 23.0769 23.0769 33.3333 33.3333 33.3333 24.5902 24.5902 20.5479 20.5479 22.0588 22.0588 
21.4286 21.4286 24.1935 24.1935 32.6087 32.6087 32.6087 21.7391 21.7391 20.8333 20.8333 22.0588 22.0588 25.4237 25.4237 23.0769 23.0769 33.3333 33.3333 33.3333 24.5902 24.5902 20.5479 20.5479 22.0588 22.0588 
6.85714 6.85714 7.74194 7.74194 10.4348 10.4348 10.4348 6.95652 6.95652 6.66667 6.66667 7.05882 7.05882 8.13559 8.13559 7.38462 7.38462 10.6667 10.6667 10.6667 7.86885 7.86885 6.57534 6.57534 7.05882 7.05882 

36 36 45 45 38 38 38 42 42 35 35 25 25 31 31 26 26 29 29 29 31 31 39 39 26 26 

1 1 1 1 1 1 1 1 1 1 1 1 1 1 1 1 1 1 1 1 1 1 1 1 1 1 
1 1 1 1 1 1 1 1 1 1 1 1 1 1 1 1 1 1 1 1 1 1 1 1 1 1 
1 1 1 1 1 1 1 1 1 1 1 1 1 1 1 1 1 1 1 1 1 1 1 1 1 1 
1 1 1 1 1 1 1 1 1 1 1 1 1 1 1 1 1 1 1 1 1 1 1 1 1 1 
1 1 1 1 1 1 1 1 1 1 1 1 1 1 1 1 1 1 1 1 1 1 1 1 1 1 
1 1 1 1 1 1 1 1 1 1 1 1 1 1 1 1 1 1 1 1 1 1 1 1 1 1 
1 1 1 1 1 1 1 1 1 1 1 1 1 1 1 1 1 1 1 1 1 1 1 1 1 1 
1 1 1 1 1 1 1 1 1 1 1 1 1 1 1 1 1 1 1 1 1 1 1 1 1 1 
1 1 1 1 1 1 1 1 1 1 1 1 1 1 1 1 1 1 1 1 1 1 1 1 1 1 
1 1 1 1 1 1 1 1 1 1 1 1 1 1 1 1 1 1 1 1 1 1 1 1 1 1 
1 1 1 1 1 1 1 1 1 1 1 1 1 1 1 1 1 1 1 1 1 1 1 1 1 1 
1 1 1 1 1 1 1 1 1 1 1 1 1 1 1 1 1 1 1 1 1 1 1 1 1 1 
1 1 1 1 1 1 1 1 1 1 1 1 1 1 1 1 1 1 1 1 1 1 1 1 1 1 
1 1 1 1 1 1 1 1 1 1 1 1 1 1 1 1 1 1 1 1 1 1 1 1 1 1 
1 1 1 1 1 1 1 1 1 1 1 1 1 1 1 1 1 1 1 1 1 1 1 1 1 1 
1 1 1 1 1 1 1 1 1 1 1 1 1 1 1 1 1 1 1 1 1 1 1 1 1 1 
1 1 1 1 1 1 1 1 1 1 1 1 1 1 1 1 1 1 1 1 1 1 1 1 1 1 
1 1 1 1 1 1 1 1 1 1 1 1 1 1 1 1 1 1 1 1 1 1 1 1 1 1 
1 1 1 1 1 1 1 1 1 1 1 1 1 1 1 1 1 1 1 1 1 1 1 1 1 1 
1 1 1 1 1 1 1 1 1 1 1 1 1 1 1 1 1 1 1 1 1 1 1 1 1 1 
1 1 1 1 1 1 1 1 1 1 1 1 1 1 1 1 1 1 1 1 1 1 1 1 1 1 
1 1 1 1 1 1 1 1 1 1 1 1 1 1 1 1 1 1 1 1 1 1 1 1 1 1 
1 1 1 1 1 1 1 1 1 1 1 1 1 1 1 1 1 1 1 1 1 1 1 1 1 1 
1 1 1 1 1 1 1 1 1 1 1 1 1 1 1 1 1 1 1 1 1 1 1 1 1 1 
1 1 1 1 1 1 1 1 1 1 1 1 1 1 1 1 1 1 1 1 1 1 1 1 1 1 
1 1 1 1 1 1 1 1 1 1 1 1 1 1 1 1 1 1 1 1 1 1 1 1 1 1 
1 1 1 1 1 1 1 1 1 1 1 1 1 1 1 1 1 1 1 1 1 1 1 1 1 1 
1 1 1 1 1 1 1 1 1 1 1 1 1 1 1 1 1 1 1 1 1 1 1 1 1 1 
1 1 1 1 1 1 1 1 1 1 1 1 1 1 1 1 1 1 1 1 1 1 1 1 1 1 
1 1 1 1 1 1 1 1 1 1 1 1 1 1 1 1 1 1 1 1 1 1 1 1 1 1 
1 1 1 1 1 1 1 1 1 1 1 1 1 1 1 1 1 1 1 1 1 1 1 1 1 1 
1 1 1 1 1 1 1 1 1 1 1 1 1 1 1 1 1 1 1 1 1 1 1 1 1 1 
1 1 1 1 1 1 1 1 1 1 1 1 1 1 1 1 1 1 1 1 1 1 1 1 1 1 
1 1 1 1 1 1 1 1 1 1 1 1 1 1 1 1 1 1 1 1 1 1 1 1 1 1 
1 1 1 1 1 1 1 1 1 1 1 1 1 1 1 1 1 1 1 1 1 1 1 1 1 1 
1 1 1 1 1 1 1 1 1 1 1 1 1 1 1 1 1 1 1 1 1 1 1 1 1 1 
1 1 1 1 1 1 1 1 1 1 1 1 1 1 1 1 1 1 1 1 1 1 1 1 1 1 
1 1 1 1 1 1 1 1 1 1 1 1 1 1 1 1 1 1 1 1 1 1 1 1 1 1 
1 1 1 1 1 1 1 1 1 1 1 1 1 1 1 1 1 1 1 1 1 1 1 1 1 1 
1 1 1 1 1 1 1 1 1 1 1 1 1 1 1 1 1 1 1 1 1 1 1 1 1 1 
1 1 1 1 1 1 1 1 1 1 1 1 1 1 1 1 1 1 1 1 1 1 1 1 1 1 
1 1 1 1 1 1 1 1 1 1 1 1 1 1 1 1 1 1 1 1 1 1 1 1 1 1 
1 1 1 1 1 1 1 1 1 1 1 1 1 1 1 1 1 1 1 1 1 1 1 1 1 1 
1 1 1 1 1 1 1 1 1 1 1 1 1 1 1 1 1 1 1 1 1 1 1 1 1 1 
1 1 1 1 1 1 1 1 1 1 1 1 1 1 1 1 1 1 1 1 1 1 1 1 1 1 
1 1 1 1 1 1 1 1 1 1 1 1 1 1 1 1 1 1 1 1 1 1 1 1 1 1 
1 1 1 1 1 1 1 1 1 1 1 1 1 1 1 1 1 1 1 1 1 1 1 1 1 1 
1 1 1 1 1 1 1 1 1 1 1 1 1 1 1 1 1 1 1 1 1 1 1 1 1 1 
1 1 1 1 1 1 1 1 1 1 1 1 1 1 1 1 1 1 1 1 1 1 1 1 1 1 
1 1 1 1 1 1 1 1 1 1 1 1 1 1 1 1 1 1 1 1 1 1 1 1 1 1 
1 1 1 1 1 1 1 1 1 1 1 1 1 1 1 1 1 1 1 1 1 1 1 1 1 1 
1 1 1 1 1 1 1 1 1 1 1 1 1 1 1 1 1 1 1 1 1 1 1 1 1 1 
1 1 1 1 1 1 1 1 1 1 1 1 1 1 1 1 1 1 1 1 1 1 1 1 1 1 
1 1 1 1 1 1 1 1 1 1 1 1 1 1 1 1 1 1 1 1 1 1 1 1 1 1 
1 1 1 1 1 1 1 1 1 1 1 1 1 1 1 1 1 1 1 1 1 1 1 1 1 1 
1 1 1 1 1 1 1 1 1 1 1 1 1 1 1 1 1 1 1 1 1 1 1 1 1 1 
1 1 1 1 1 1 1 1 1 1 1 1 1 1 1 1 1 1 1 1 1 1 1 1 1 1 
1 1 1 1 1 1 1 1 1 1 1 1 1 1 1 1 1 1 1 1 1 1 1 1 1 1 
1 1 1 1 1 1 1 1 1 1 1 1 1 1 1 1 1 1 1 1 1 1 1 1 1 1 

29 
14 

2 
2 
3 
2 
2 
2 
2 
1 
2 
3 
2 
2 
2 
2 

59 

88 88 93 93 75 75 75 78 78 83 83 83 83 78 78 75 60 60 78 78 78 62 62 68 68 93 93 78 78 
88 88 93 93 75 75 75 78 78 83 83 83 83 78 78 75 60 60 78 78 78 62 62 68 68 93 93 78 78 
45 45 48 48 39 39 39 41 41 43 43 43 43 41 41 39 31 31 41 41 41 32 32 35 35 48 48 41 41 
88 88 93 93 75 75 75 78 78 83 83 83 83 78 78 75 60 60 78 78 78 62 62 68 68 93 93 78 78 
88 88 93 93 75 75 75 78 78 83 83 83 83 78 78 75 60 60 78 78 78 62 62 68 68 93 93 78 78 
88 88 93 93 75 75 75 78 78 83 83 83 83 78 78 75 60 60 78 78 78 62 62 68 68 93 93 78 78 
3 3 3 3 3 3 3 3 3 3 3 3 3 3 3 3 2 2 3 3 3 2 2 2 2 3 3 3 3 
88 88 93 93 75 75 75 78 78 83 83 83 83 78 78 75 60 60 78 78 78 62 62 68 68 93 93 78 78 
88 88 93 93 75 75 75 78 78 83 83 83 83 78 78 75 60 60 78 78 78 62 62 68 68 93 93 78 78 
88 88 93 93 75 75 75 78 78 83 83 83 83 78 78 75 60 60 78 78 78 62 62 68 68 93 93 78 78 
52 52 56 56 45 45 45 47 47 50 50 50 50 47 47 45 36 36 47 47 47 37 37 40 40 56 56 47 47 
88 88 93 93 75 75 75 78 78 83 83 83 83 78 78 75 60 60 78 78 78 62 62 68 68 93 93 78 78 
88 88 93 93 75 75 75 78 78 83 83 83 83 78 78 75 60 60 78 78 78 62 62 68 68 93 93 78 78 
67 67 71 71 57 57 57 60 60 63 63 63 63 60 60 57 45 45 60 60 60 47 47 51 51 71 71 60 60 
88 88 93 93 75 75 75 78 78 83 83 83 83 78 78 75 60 60 78 78 78 62 62 68 68 93 93 78 78 
88 88 93 93 75 75 75 78 78 83 83 83 83 78 78 75 60 60 78 78 78 62 62 68 68 93 93 78 78 
81 81 86 86 69 69 69 72 72 76 76 76 76 72 72 69 55 55 72 72 72 57 57 62 62 86 86 72 72 
88 88 93 93 75 75 75 78 78 83 83 83 83 78 78 75 60 60 78 78 78 62 62 68 68 93 93 78 78 
88 88 93 93 75 75 75 78 78 83 83 83 83 78 78 75 60 60 78 78 78 62 62 68 68 93 93 78 78 
88 88 93 93 75 75 75 78 78 83 83 83 83 78 78 75 60 60 78 78 78 62 62 68 68 93 93 78 78 
88 88 93 93 75 75 75 78 78 83 83 83 83 78 78 75 60 60 78 78 78 62 62 68 68 93 93 78 78 
3 3 3 3 3 3 3 3 3 3 3 3 3 3 3 3 2 2 3 3 3 2 2 2 2 3 3 3 3 
88 88 93 93 75 75 75 78 78 83 83 83 83 78 78 75 60 60 78 78 78 62 62 68 68 93 93 78 78 
88 88 93 93 75 75 75 78 78 83 83 83 83 78 78 75 60 60 78 78 78 62 62 68 68 93 93 78 78 
88 88 93 93 75 75 75 78 78 83 83 83 83 78 78 75 60 60 78 78 78 62 62 68 68 93 93 78 78 
88 88 93 93 75 75 75 78 78 83 83 83 83 78 78 75 60 60 78 78 78 62 62 68 68 93 93 78 78 
63 63 67 67 54 54 54 56 56 60 60 60 60 56 56 54 43 43 56 56 56 45 45 49 49 67 67 56 56 
88 88 93 93 75 75 75 78 78 83 83 83 83 78 78 75 60 60 78 78 78 62 62 68 68 93 93 78 78 
88 88 93 93 75 75 75 78 78 83 83 83 83 78 78 75 60 60 78 78 78 62 62 68 68 93 93 78 78 
88 88 93 93 75 75 75 78 78 83 83 83 83 78 78 75 60 60 78 78 78 62 62 68 68 93 93 78 78 
88 88 93 93 75 75 75 78 78 83 83 83 83 78 78 75 60 60 78 78 78 62 62 68 68 93 93 78 78 
38 38 41 41 33 33 33 34 34 36 36 36 36 34 34 33 26 26 34 34 34 27 27 30 30 41 41 34 34 
88 88 93 93 75 75 75 78 78 83 83 83 83 78 78 75 60 60 78 78 78 62 62 68 68 93 93 78 78 
60 60 63 63 51 51 51 53 53 56 56 56 56 53 53 51 40 40 53 53 53 42 42 46 46 63 63 53 53 
88 88 93 93 75 75 75 78 78 83 83 83 83 78 78 75 60 60 78 78 78 62 62 68 68 93 93 78 78 
88 88 93 93 75 75 75 78 78 83 83 83 83 78 78 75 60 60 78 78 78 62 62 68 68 93 93 78 78 
88 88 93 93 75 75 75 78 78 83 83 83 83 78 78 75 60 60 78 78 78 62 62 68 68 93 93 78 78 
42 42 45 45 36 36 36 37 37 40 40 40 40 37 37 36 28 28 37 37 37 30 30 32 32 45 45 37 37 
88 88 93 93 75 75 75 78 78 83 83 83 83 78 78 75 60 60 78 78 78 62 62 68 68 93 93 78 78 
88 88 93 93 75 75 75 78 78 83 83 83 83 78 78 75 60 60 78 78 78 62 62 68 68 93 93 78 78 
88 88 93 93 75 75 75 78 78 83 83 83 83 78 78 75 60 60 78 78 78 62 62 68 68 93 93 78 78 
88 88 93 93 75 75 75 78 78 83 83 83 83 78 78 75 60 60 78 78 78 62 62 68 68 93 93 78 78 
28 28 30 30 24 24 24 25 25 26 26 26 26 25 25 24 19 19 25 25 25 20 20 21 21 30 30 25 25 
88 88 93 93 75 75 75 78 78 83 83 83 83 78 78 75 60 60 78 78 78 62 62 68 68 93 93 78 78 
88 88 93 93 75 75 75 78 78 83 83 83 83 78 78 75 60 60 78 78 78 62 62 68 68 93 93 78 78 
88 88 93 93 75 75 75 78 78 83 83 83 83 78 78 75 60 60 78 78 78 62 62 68 68 93 93 78 78 
88 88 93 93 75 75 75 78 78 83 83 83 83 78 78 75 60 60 78 78 78 62 62 68 68 93 93 78 78 
88 88 93 93 75 75 75 78 78 83 83 83 83 78 78 75 60 60 78 78 78 62 62 68 68 93 93 78 78 
17 17 18 18 15 15 15 15 15 16 16 16 16 15 15 15 12 12 15 15 15 12 12 13 13 18 18 15 15 
88 88 93 93 75 75 75 78 78 83 83 83 83 78 78 75 60 60 78 78 78 62 62 68 68 93 93 78 78 
88 88 93 93 75 75 75 78 78 83 83 83 83 78 78 75 60 60 78 78 78 62 62 68 68 93 93 78 78 
88 88 93 93 75 75 75 78 78 83 83 83 83 78 78 75 60 60 78 78 78 62 62 68 68 93 93 78 78 
88 88 93 93 75 75 75 78 78 83 83 83 83 78 78 75 60 60 78 78 78 62 62 68 68 93 93 78 78 
31 31 33 33 27 27 27 28 28 30 30 30 30 28 28 27 21 21 28 28 28 22 22 24 24 33 33 28 28 
88 88 93 93 75 75 75 78 78 83 83 83 83 78 78 75 60 60 78 78 78 62 62 68 68 93 93 78 78 
88 88 93 93 75 75 75 78 78 83 83 83 83 78 78 75 60 60 78 78 78 62 62 68 68 93 93 78 78 
88 88 93 93 75 75 75 78 78 83 83 83 83 78 78 75 60 60 78 78 78 62 62 68 68 93 93 78 78 
88 88 93 93 75 75 75 78 78 83 83 83 83 78 78 75 60 60 78 78 78 62 62 68 68 93 93 78 78 
28 28 30 30 24 24 24 25 25 26 26 26 26 25 25 24 19 19 25 25 25 20 20 21 21 30 30 25 25 

36 
36 
36 
36 
42 
42 
42 
28 
28 
32 
32 
35 
35 
36 
36 
32 
28 
28 
29 
29 
29 
39 
39 
31 
31 
34 
34 
25 
25 

1 1 1 1 1 1 1 1 1 1 1 1 1 1 1 1 1 1 1 1 1 1 1 1 1 1 1 1 1 
1 1 1 1 1 1 1 1 1 1 1 1 1 1 1 1 1 1 1 1 1 1 1 1 1 1 1 1 1 
1 1 1 1 1 1 1 1 1 1 1 1 1 1 1 1 1 1 1 1 1 1 1 1 1 1 1 1 1 
1 1 1 1 1 1 1 1 1 1 1 1 1 1 1 1 1 1 1 1 1 1 1 1 1 1 1 1 1 
1 1 1 1 1 1 1 1 1 1 1 1 1 1 1 1 1 1 1 1 1 1 1 1 1 1 1 1 1 
1 1 1 1 1 1 1 1 1 1 1 1 1 1 1 1 1 1 1 1 1 1 1 1 1 1 1 1 1 
1 1 1 1 1 1 1 1 1 1 1 1 1 1 1 1 1 1 1 1 1 1 1 1 1 1 1 1 1 
1 1 1 1 1 1 1 1 1 1 1 1 1 1 1 1 1 1 1 1 1 1 1 1 1 1 1 1 1 
1 1 1 1 1 1 1 1 1 1 1 1 1 1 1 1 1 1 1 1 1 1 1 1 1 1 1 1 1 
1 1 1 1 1 1 1 1 1 1 1 1 1 1 1 1 1 1 1 1 1 1 1 1 1 1 1 1 1 
1 1 1 1 1 1 1 1 1 1 1 1 1 1 1 1 1 1 1 1 1 1 1 1 1 1 1 1 1 
1 1 1 1 1 1 1 1 1 1 1 1 1 1 1 1 1 1 1 1 1 1 1 1 1 1 1 1 1 
1 1 1 1 1 1 1 1 1 1 1 1 1 1 1 1 1 1 1 1 1 1 1 1 1 1 1 1 1 
1 1 1 1 1 1 1 1 1 1 1 1 1 1 1 1 1 1 1 1 1 1 1 1 1 1 1 1 1 
1 1 1 1 1 1 1 1 1 1 1 1 1 1 1 1 1 1 1 1 1 1 1 1 1 1 1 1 1 
1 1 1 1 1 1 1 1 1 1 1 1 1 1 1 1 1 1 1 1 1 1 1 1 1 1 1 1 1 
1 1 1 1 1 1 1 1 1 1 1 1 1 1 1 1 1 1 1 1 1 1 1 1 1 1 1 1 1 
1 1 1 1 1 1 1 1 1 1 1 1 1 1 1 1 1 1 1 1 1 1 1 1 1 1 1 1 1 
1 1 1 1 1 1 1 1 1 1 1 1 1 1 1 1 1 1 1 1 1 1 1 1 1 1 1 1 1 
1 1 1 1 1 1 1 1 1 1 1 1 1 1 1 1 1 1 1 1 1 1 1 1 1 1 1 1 1 
1 1 1 1 1 1 1 1 1 1 1 1 1 1 1 1 1 1 1 1 1 1 1 1 1 1 1 1 1 
1 1 1 1 1 1 1 1 1 1 1 1 1 1 1 1 1 1 1 1 1 1 1 1 1 1 1 1 1 
1 1 1 1 1 1 1 1 1 1 1 1 1 1 1 1 1 1 1 1 1 1 1 1 1 1 1 1 1 
1 1 1 1 1 1 1 1 1 1 1 1 1 1 1 1 1 1 1 1 1 1 1 1 1 1 1 1 1 
1 1 1 1 1 1 1 1 1 1 1 1 1 1 1 1 1 1 1 1 1 1 1 1 1 1 1 1 1 
1 1 1 1 1 1 1 1 1 1 1 1 1 1 1 1 1 1 1 1 1 1 1 1 1 1 1 1 1 
1 1 1 1 1 1 1 1 1 1 1 1 1 1 1 1 1 1 1 1 1 1 1 1 1 1 1 1 1 
1 1 1 1 1 1 1 1 1 1 1 1 1 1 1 1 1 1 1 1 1 1 1 1 1 1 1 1 1 
1 1 1 1 1 1 1 1 1 1 1 1 1 1 1 1 1 1 1 1 1 1 1 1 1 1 1 1 1 
1 1 1 1 1 1 1 1 1 1 1 1 1 1 1 1 1 1 1 1 1 1 1 1 1 1 1 1 1 
1 1 1 1 1 1 1 1 1 1 1 1 1 1 1 1 1 1 1 1 1 1 1 1 1 1 1 1 1 
1 1 1 1 1 1 1 1 1 1 1 1 1 1 1 1 1 1 1 1 1 1 1 1 1 1 1 1 1 
1 1 1 1 1 1 1 1 1 1 1 1 1 1 1 1 1 1 1 1 1 1 1 1 1 1 1 1 1 
1 1 1 1 1 1 1 1 1 1 1 1 1 1 1 1 1 1 1 1 1 1 1 1 1 1 1 1 1 
1 1 1 1 1 1 1 1 1 1 1 1 1 1 1 1 1 1 1 1 1 1 1 1 1 1 1 1 1 
1 1 1 1 1 1 1 1 1 1 1 1 1 1 1 1 1 1 1 1 1 1 1 1 1 1 1 1 1 
1 1 1 1 1 1 1 1 1 1 1 1 1 1 1 1 1 1 1 1 1 1 1 1 1 1 1 1 1 
1 1 1 1 1 1 1 1 1 1 1 1 1 1 1 1 1 1 1 1 1 1 1 1 1 1 1 1 1 
1 1 1 1 1 1 1 1 1 1 1 1 1 1 1 1 1 1 1 1 1 1 1 1 1 1 1 1 1 
1 1 1 1 1 1 1 1 1 1 1 1 1 1 1 1 1 1 1 1 1 1 1 1 1 1 1 1 1 
1 1 1 1 1 1 1 1 1 1 1 1 1 1 1 1 1 1 1 1 1 1 1 1 1 1 1 1 1 
1 1 1 1 1 1 1 1 1 1 1 1 1 1 1 1 1 1 1 1 1 1 1 1 1 1 1 1 1 
1 1 1 1 1 1 1 1 1 1 1 1 1 1 1 1 1 1 1 1 1 1 1 1 1 1 1 1 1 
1 1 1 1 1 1 1 1 1 1 1 1 1 1 1 1 1 1 1 1 1 1 1 1 1 1 1 1 1 
1 1 1 1 1 1 1 1 1 1 1 1 1 1 1 1 1 1 1 1 1 1 1 1 1 1 1 1 1 
1 1 1 1 1 1 1 1 1 1 1 1 1 1 1 1 1 1 1 1 1 1 1 1 1 1 1 1 1 
1 1 1 1 1 1 1 1 1 1 1 1 1 1 1 1 1 1 1 1 1 1 1 1 1 1 1 1 1 
1 1 1 1 1 1 1 1 1 1 1 1 1 1 1 1 1 1 1 1 1 1 1 1 1 1 1 1 1 
1 1 1 1 1 1 1 1 1 1 1 1 1 1 1 1 1 1 1 1 1 1 1 1 1 1 1 1 1 
1 1 1 1 1 1 1 1 1 1 1 1 1 1 1 1 1 1 1 1 1 1 1 1 1 1 1 1 1 
1 1 1 1 1 1 1 1 1 1 1 1 1 1 1 1 1 1 1 1 1 1 1 1 1 1 1 1 1 
1 1 1 1 1 1 1 1 1 1 1 1 1 1 1 1 1 1 1 1 1 1 1 1 1 1 1 1 1 
1 1 1 1 1 1 1 1 1 1 1 1 1 1 1 1 1 1 1 1 1 1 1 1 1 1 1 1 1 
1 1 1 1 1 1 1 1 1 1 1 1 1 1 1 1 1 1 1 1 1 1 1 1 1 1 1 1 1 
1 1 1 1 1 1 1 1 1 1 1 1 1 1 1 1 1 1 1 1 1 1 1 1 1 1 1 1 1 
1 1 1 1 1 1 1 1 1 1 1 1 1 1 1 1 1 1 1 1 1 1 1 1 1 1 1 1 1 
1 1 1 1 1 1 1 1 1 1 1 1 1 1 1 1 1 1 1 1 1 1 1 1 1 1 1 1 1 
1 1 1 1 1 1 1 1 1 1 1 1 1 1 1 1 1 1 1 1 1 1 1 1 1 1 1 1 1 
1 1 1 1 1 1 1 1 1 1 1 1 1 1 1 1 1 1 1 1 1 1 1 1 1 1 1 1 1 

14 
0 1 1 1 1 1 1 1 1 1 1 1 1 1 1 1 1 1 1 1 1 1 1 1 1 1 1 1 1 1 1 1 1 1 1 1 1 1 1 1 1 1 1 1 1 1 1 1 1 1 1 1 1 1 1 1 1 1 1 1 
0 0 0 0 1 1 1 1 1 1 1 1 1 1 1 1 1 1 1 1 1 1 1 1 1 1 1 1 1 1 1 1 1 1 1 1 1 1 1 1 1 1 1 1 1 1 1 1 1 1 1 1 1 1 1 1 1 1 1 1 
0 0 0 0 1 1 1 1 1 1 1 1 1 1 1 1 1 1 1 1 1 1 1 1 1 1 1 1 1 1 1 1 1 1 1 1 1 1 1 1 1 1 1 1 1 1 1 1 1 1 1 1 1 1 1 1 1 1 1 1 
0 0 0 0 1 1 1 1 1 1 1 1 1 1 1 1 1 1 1 1 1 1 1 1 1 1 1 1 1 1 1 1 1 1 1 1 1 1 1 1 1 1 1 1 1 1 1 1 1 1 1 1 1 1 1 1 1 1 1 1 
0 1 1 1 0 0 0 0 1 1 1 1 1 1 1 1 1 1 1 1 1 1 1 1 1 1 1 1 1 1 1 1 1 1 1 1 1 1 1 1 1 1 1 1 1 1 1 1 1 1 1 1 1 1 1 1 1 1 1 1 
0 1 1 1 0 0 0 0 1 1 1 1 1 1 1 1 1 1 1 1 1 1 1 1 1 1 1 1 1 1 1 1 1 1 1 1 1 1 1 1 1 1 1 1 1 1 1 1 1 1 1 1 1 1 1 1 1 1 1 1 
0 1 1 1 0 0 0 0 1 1 1 1 1 1 1 1 1 1 1 1 1 1 1 1 1 1 1 1 1 1 1 1 1 1 1 1 1 1 1 1 1 1 1 1 1 1 1 1 1 1 1 1 1 1 1 1 1 1 1 1 
0 1 1 1 0 0 0 0 1 1 1 1 1 1 1 1 1 1 1 1 1 1 1 1 1 1 1 1 1 1 1 1 1 1 1 1 1 1 1 1 1 1 1 1 1 1 1 1 1 1 1 1 1 1 1 1 1 1 1 1 
0 1 1 1 1 1 1 1 0 0 0 0 1 1 1 1 1 1 1 1 1 1 1 1 1 1 1 1 1 1 1 1 1 1 1 1 1 1 1 1 1 1 1 1 1 1 1 1 1 1 1 1 1 1 1 1 1 1 1 1 
0 1 1 1 1 1 1 1 0 0 0 0 1 1 1 1 1 1 1 1 1 1 1 1 1 1 1 1 1 1 1 1 1 1 1 1 1 1 1 1 1 1 1 1 1 1 1 1 1 1 1 1 1 1 1 1 1 1 1 1 
0 1 1 1 1 1 1 1 0 0 0 0 1 1 1 1 1 1 1 1 1 1 1 1 1 1 1 1 1 1 1 1 1 1 1 1 1 1 1 1 1 1 1 1 1 1 1 1 1 1 1 1 1 1 1 1 1 1 1 1 
0 1 1 1 1 1 1 1 0 0 0 0 1 1 1 1 1 1 1 1 1 1 1 1 1 1 1 1 1 1 1 1 1 1 1 1 1 1 1 1 1 1 1 1 1 1 1 1 1 1 1 1 1 1 1 1 1 1 1 1 
0 1 1 1 1 1 1 1 1 1 1 1 0 0 0 1 1 1 1 1 1 1 1 1 1 1 1 1 1 1 1 1 1 1 1 1 1 1 1 1 1 1 1 1 1 1 1 1 1 1 1 1 1 1 1 1 1 1 1 1 
0 1 1 1 1 1 1 1 1 1 1 1 0 0 0 1 1 1 1 1 1 1 1 1 1 1 1 1 1 1 1 1 1 1 1 1 1 1 1 1 1 1 1 1 1 1 1 1 1 1 1 1 1 1 1 1 1 1 1 1 
0 1 1 1 1 1 1 1 1 1 1 1 0 0 0 1 1 1 1 1 1 1 1 1 1 1 1 1 1 1 1 1 1 1 1 1 1 1 1 1 1 1 1 1 1 1 1 1 1 1 1 1 1 1 1 1 1 1 1 1 
0 1 1 1 1 1 1 1 1 1 1 1 1 1 1 0 0 0 1 1 1 1 1 1 1 1 1 1 1 1 1 1 1 1 1 1 1 1 1 1 1 1 1 1 1 1 1 1 1 1 1 1 1 1 1 1 1 1 1 1 
0 1 1 1 1 1 1 1 1 1 1 1 1 1 1 0 0 0 1 1 1 1 1 1 1 1 1 1 1 1 1 1 1 1 1 1 1 1 1 1 1 1 1 1 1 1 1 1 1 1 1 1 1 1 1 1 1 1 1 1 
0 1 1 1 1 1 1 1 1 1 1 1 1 1 1 0 0 0 1 1 1 1 1 1 1 1 1 1 1 1 1 1 1 1 1 1 1 1 1 1 1 1 1 1 1 1 1 1 1 1 1 1 1 1 1 1 1 1 1 1 
0 1 1 1 1 1 1 1 1 1 1 1 1 1 1 1 1 1 0 0 0 0 0 1 1 1 1 1 1 1 1 1 1 1 1 1 1 1 1 1 1 1 1 1 1 1 1 1 1 1 1 1 1 1 1 1 1 1 1 1 
0 1 1 1 1 1 1 1 1 1 1 1 1 1 1 1 1 1 0 0 0 0 0 1 1 1 1 1 1 1 1 1 1 1 1 1 1 1 1 1 1 1 1 1 1 1 1 1 1 1 1 1 1 1 1 1 1 1 1 1 
0 1 1 1 1 1 1 1 1 1 1 1 1 1 1 1 1 1 0 0 0 0 0 1 1 1 1 1 1 1 1 1 1 1 1 1 1 1 1 1 1 1 1 1 1 1 1 1 1 1 1 1 1 1 1 1 1 1 1 1 
0 1 1 1 1 1 1 1 1 1 1 1 1 1 1 1 1 1 0 0 0 0 0 1 1 1 1 1 1 1 1 1 1 1 1 1 1 1 1 1 1 1 1 1 1 1 1 1 1 1 1 1 1 1 1 1 1 1 1 1 
0 1 1 1 1 1 1 1 1 1 1 1 1 1 1 1 1 1 0 0 0 0 0 1 1 1 1 1 1 1 1 1 1 1 1 1 1 1 1 1 1 1 1 1 1 1 1 1 1 1 1 1 1 1 1 1 1 1 1 1 
0 1 1 1 1 1 1 1 1 1 1 1 1 1 1 1 1 1 1 1 1 1 1 0 0 0 0 0 1 1 1 1 1 1 1 1 1 1 1 1 1 1 1 1 1 1 1 1 1 1 1 1 1 1 1 1 1 1 1 1 
0 1 1 1 1 1 1 1 1 1 1 1 1 1 1 1 1 1 1 1 1 1 1 0 0 0 0 0 1 1 1 1 1 1 1 1 1 1 1 1 1 1 1 1 1 1 1 1 1 1 1 1 1 1 1 1 1 1 1 1 
0 1 1 1 1 1 1 1 1 1 1 1 1 1 1 1 1 1 1 1 1 1 1 0 0 0 0 0 1 1 1 1 1 1 1 1 1 1 1 1 1 1 1 1 1 1 1 1 1 1 1 1 1 1 1 1 1 1 1 1 
0 1 1 1 1 1 1 1 1 1 1 1 1 1 1 1 1 1 1 1 1 1 1 0 0 0 0 0 1 1 1 1 1 1 1 1 1 1 1 1 1 1 1 1 1 1 1 1 1 1 1 1 1 1 1 1 1 1 1 1 
0 1 1 1 1 1 1 1 1 1 1 1 1 1 1 1 1 1 1 1 1 1 1 0 0 0 0 0 1 1 1 1 1 1 1 1 1 1 1 1 1 1 1 1 1 1 1 1 1 1 1 1 1 1 1 1 1 1 1 1 
0 1 1 1 1 1 1 1 1 1 1 1 1 1 1 1 1 1 1 1 1 1 1 1 1 1 1 1 0 0 0 0 0 1 1 1 1 1 1 1 1 1 1 1 1 1 1 1 1 1 1 1 1 1 1 1 1 1 1 1 
0 1 1 1 1 1 1 1 1 1 1 1 1 1 1 1 1 1 1 1 1 1 1 1 1 1 1 1 0 0 0 0 0 1 1 1 1 1 1 1 1 1 1 1 1 1 1 1 1 1 1 1 1 1 1 1 1 1 1 1 
0 1 1 1 1 1 1 1 1 1 1 1 1 1 1 1 1 1 1 1 1 1 1 1 1 1 1 1 0 0 0 0 0 1 1 1 1 1 1 1 1 1 1 1 1 1 1 1 1 1 1 1 1 1 1 1 1 1 1 1 
0 1 1 1 1 1 1 1 1 1 1 1 1 1 1 1 1 1 1 1 1 1 1 1 1 1 1 1 0 0 0 0 0 1 1 1 1 1 1 1 1 1 1 1 1 1 1 1 1 1 1 1 1 1 1 1 1 1 1 1 
0 1 1 1 1 1 1 1 1 1 1 1 1 1 1 1 1 1 1 1 1 1 1 1 1 1 1 1 0 0 0 0 0 1 1 1 1 1 1 1 1 1 1 1 1 1 1 1 1 1 1 1 1 1 1 1 1 1 1 1 
0 1 1 1 1 1 1 1 1 1 1 1 1 1 1 1 1 1 1 1 1 1 1 1 1 1 1 1 1 1 1 1 1 0 0 1 1 1 1 1 1 1 1 1 1 1 1 1 1 1 1 1 1 1 1 1 1 1 1 1 
0 1 1 1 1 1 1 1 1 1 1 1 1 1 1 1 1 1 1 1 1 1 1 1 1 1 1 1 1 1 1 1 1 0 0 1 1 1 1 1 1 1 1 1 1 1 1 1 1 1 1 1 1 1 1 1 1 1 1 1 
0 1 1 1 1 1 1 1 1 1 1 1 1 1 1 1 1 1 1 1 1 1 1 1 1 1 1 1 1 1 1 1 1 1 1 0 0 0 0 1 1 1 1 1 1 1 1 1 1 1 1 1 1 1 1 1 1 1 1 1 
0 1 1 1 1 1 1 1 1 1 1 1 1 1 1 1 1 1 1 1 1 1 1 1 1 1 1 1 1 1 1 1 1 1 1 0 0 0 0 1 1 1 1 1 1 1 1 1 1 1 1 1 1 1 1 1 1 1 1 1 
0 1 1 1 1 1 1 1 1 1 1 1 1 1 1 1 1 1 1 1 1 1 1 1 1 1 1 1 1 1 1 1 1 1 1 0 0 0 0 1 1 1 1 1 1 1 1 1 1 1 1 1 1 1 1 1 1 1 1 1 
0 1 1 1 1 1 1 1 1 1 1 1 1 1 1 1 1 1 1 1 1 1 1 1 1 1 1 1 1 1 1 1 1 1 1 0 0 0 0 1 1 1 1 1 1 1 1 1 1 1 1 1 1 1 1 1 1 1 1 1 
0 1 1 1 1 1 1 1 1 1 1 1 1 1 1 1 1 1 1 1 1 1 1 1 1 1 1 1 1 1 1 1 1 1 1 1 1 1 1 0 0 0 0 0 1 1 1 1 1 1 1 1 1 1 1 1 1 1 1 1 
0 1 1 1 1 1 1 1 1 1 1 1 1 1 1 1 1 1 1 1 1 1 1 1 1 1 1 1 1 1 1 1 1 1 1 1 1 1 1 0 0 0 0 0 1 1 1 1 1 1 1 1 1 1 1 1 1 1 1 1 
0 1 1 1 1 1 1 1 1 1 1 1 1 1 1 1 1 1 1 1 1 1 1 1 1 1 1 1 1 1 1 1 1 1 1 1 1 1 1 0 0 0 0 0 1 1 1 1 1 1 1 1 1 1 1 1 1 1 1 1 
0 1 1 1 1 1 1 1 1 1 1 1 1 1 1 1 1 1 1 1 1 1 1 1 1 1 1 1 1 1 1 1 1 1 1 1 1 1 1 0 0 0 0 0 1 1 1 1 1 1 1 1 1 1 1 1 1 1 1 1 
0 1 1 1 1 1 1 1 1 1 1 1 1 1 1 1 1 1 1 1 1 1 1 1 1 1 1 1 1 1 1 1 1 1 1 1 1 1 1 0 0 0 0 0 1 1 1 1 1 1 1 1 1 1 1 1 1 1 1 1 
0 1 1 1 1 1 1 1 1 1 1 1 1 1 1 1 1 1 1 1 1 1 1 1 1 1 1 1 1 1 1 1 1 1 1 1 1 1 1 1 1 1 1 1 0 0 0 0 0 0 1 1 1 1 1 1 1 1 1 1 
0 1 1 1 1 1 1 1 1 1 1 1 1 1 1 1 1 1 1 1 1 1 1 1 1 1 1 1 1 1 1 1 1 1 1 1 1 1 1 1 1 1 1 1 0 0 0 0 0 0 1 1 1 1 1 1 1 1 1 1 
0 1 1 1 1 1 1 1 1 1 1 1 1 1 1 1 1 1 1 1 1 1 1 1 1 1 1 1 1 1 1 1 1 1 1 1 1 1 1 1 1 1 1 1 0 0 0 0 0 0 1 1 1 1 1 1 1 1 1 1 
0 1 1 1 1 1 1 1 1 1 1 1 1 1 1 1 1 1 1 1 1 1 1 1 1 1 1 1 1 1 1 1 1 1 1 1 1 1 1 1 1 1 1 1 0 0 0 0 0 0 1 1 1 1 1 1 1 1 1 1 
0 1 1 1 1 1 1 1 1 1 1 1 1 1 1 1 1 1 1 1 1 1 1 1 1 1 1 1 1 1 1 1 1 1 1 1 1 1 1 1 1 1 1 1 0 0 0 0 0 0 1 1 1 1 1 1 1 1 1 1 
0 1 1 1 1 1 1 1 1 1 1 1 1 1 1 1 1 1 1 1 1 1 1 1 1 1 1 1 1 1 1 1 1 1 1 1 1 1 1 1 1 1 1 1 0 0 0 0 0 0 1 1 1 1 1 1 1 1 1 1 
0 1 1 1 1 1 1 1 1 1 1 1 1 1 1 1 1 1 1 1 1 1 1 1 1 1 1 1 1 1 1 1 1 1 1 1 1 1 1 1 1 1 1 1 1 1 1 1 1 1 0 0 0 0 0 1 1 1 1 1 
0 1 1 1 1 1 1 1 1 1 1 1 1 1 1 1 1 1 1 1 1 1 1 1 1 1 1 1 1 1 1 1 1 1 1 1 1 1 1 1 1 1 1 1 1 1 1 1 1 1 0 0 0 0 0 1 1 1 1 1 
0 1 1 1 1 1 1 1 1 1 1 1 1 1 1 1 1 1 1 1 1 1 1 1 1 1 1 1 1 1 1 1 1 1 1 1 1 1 1 1 1 1 1 1 1 1 1 1 1 1 0 0 0 0 0 1 1 1 1 1 
0 1 1 1 1 1 1 1 1 1 1 1 1 1 1 1 1 1 1 1 1 1 1 1 1 1 1 1 1 1 1 1 1 1 1 1 1 1 1 1 1 1 1 1 1 1 1 1 1 1 0 0 0 0 0 1 1 1 1 1 
0 1 1 1 1 1 1 1 1 1 1 1 1 1 1 1 1 1 1 1 1 1 1 1 1 1 1 1 1 1 1 1 1 1 1 1 1 1 1 1 1 1 1 1 1 1 1 1 1 1 0 0 0 0 0 1 1 1 1 1 
0 1 1 1 1 1 1 1 1 1 1 1 1 1 1 1 1 1 1 1 1 1 1 1 1 1 1 1 1 1 1 1 1 1 1 1 1 1 1 1 1 1 1 1 1 1 1 1 1 1 1 1 1 1 1 0 0 0 0 0 
0 1 1 1 1 1 1 1 1 1 1 1 1 1 1 1 1 1 1 1 1 1 1 1 1 1 1 1 1 1 1 1 1 1 1 1 1 1 1 1 1 1 1 1 1 1 1 1 1 1 1 1 1 1 1 0 0 0 0 0 
0 1 1 1 1 1 1 1 1 1 1 1 1 1 1 1 1 1 1 1 1 1 1 1 1 1 1 1 1 1 1 1 1 1 1 1 1 1 1 1 1 1 1 1 1 1 1 1 1 1 1 1 1 1 1 0 0 0 0 0 
0 1 1 1 1 1 1 1 1 1 1 1 1 1 1 1 1 1 1 1 1 1 1 1 1 1 1 1 1 1 1 1 1 1 1 1 1 1 1 1 1 1 1 1 1 1 1 1 1 1 1 1 1 1 1 0 0 0 0 0 
0 1 1 1 1 1 1 1 1 1 1 1 1 1 1 1 1 1 1 1 1 1 1 1 1 1 1 1 1 1 1 1 1 1 1 1 1 1 1 1 1 1 1 1 1 1 1 1 1 1 1 1 1 1 1 0 0 0 0 0 

0 1 1 1 1 1 1 1 1 1 1 1 1 1 1 1 1 1 1 1 1 1 1 1 1 1 1 1 1 1 1 1 1 1 1 1 1 1 1 1 1 1 1 1 1 1 1 1 1 1 1 1 1 1 1 1 1 1 1 1 
0 0 0 0 1 1 1 1 1 1 1 1 1 1 1 1 1 1 1 1 1 1 1 1 1 1 1 1 1 1 1 1 1 1 1 1 1 1 1 1 1 1 1 1 1 1 1 1 1 1 1 1 1 1 1 1 1 1 1 1 
0 0 0 0 1 1 1 1 1 1 1 1 1 1 1 1 1 1 1 1 1 1 1 1 1 1 1 1 1 1 1 1 1 1 1 1 1 1 1 1 1 1 1 1 1 1 1 1 1 1 1 1 1 1 1 1 1 1 1 1 
0 0 0 0 1 1 1 1 1 1 1 1 1 1 1 1 1 1 1 1 1 1 1 1 1 1 1 1 1 1 1 1 1 1 1 1 1 1 1 1 1 1 1 1 1 1 1 1 1 1 1 1 1 1 1 1 1 1 1 1 
0 1 1 1 0 0 0 0 1 1 1 1 1 1 1 1 1 1 1 1 1 1 1 1 1 1 1 1 1 1 1 1 1 1 1 1 1 1 1 1 1 1 1 1 1 1 1 1 1 1 1 1 1 1 1 1 1 1 1 1 
0 1 1 1 0 0 0 0 1 1 1 1 1 1 1 1 1 1 1 1 1 1 1 1 1 1 1 1 1 1 1 1 1 1 1 1 1 1 1 1 1 1 1 1 1 1 1 1 1 1 1 1 1 1 1 1 1 1 1 1 
0 1 1 1 0 0 0 0 1 1 1 1 1 1 1 1 1 1 1 1 1 1 1 1 1 1 1 1 1 1 1 1 1 1 1 1 1 1 1 1 1 1 1 1 1 1 1 1 1 1 1 1 1 1 1 1 1 1 1 1 
0 1 1 1 0 0 0 0 1 1 1 1 1 1 1 1 1 1 1 1 1 1 1 1 1 1 1 1 1 1 1 1 1 1 1 1 1 1 1 1 1 1 1 1 1 1 1 1 1 1 1 1 1 1 1 1 1 1 1 1 
0 1 1 1 1 1 1 1 0 0 0 0 1 1 1 1 1 1 1 1 1 1 1 1 1 1 1 1 1 1 1 1 1 1 1 1 1 1 1 1 1 1 1 1 1 1 1 1 1 1 1 1 1 1 1 1 1 1 1 1 
0 1 1 1 1 1 1 1 0 0 0 0 1 1 1 1 1 1 1 1 1 1 1 1 1 1 1 1 1 1 1 1 1 1 1 1 1 1 1 1 1 1 1 1 1 1 1 1 1 1 1 1 1 1 1 1 1 1 1 1 
0 1 1 1 1 1 1 1 0 0 0 0 1 1 1 1 1 1 1 1 1 1 1 1 1 1 1 1 1 1 1 1 1 1 1 1 1 1 1 1 1 1 1 1 1 1 1 1 1 1 1 1 1 1 1 1 1 1 1 1 
0 1 1 1 1 1 1 1 0 0 0 0 1 1 1 1 1 1 1 1 1 1 1 1 1 1 1 1 1 1 1 1 1 1 1 1 1 1 1 1 1 1 1 1 1 1 1 1 1 1 1 1 1 1 1 1 1 1 1 1 
0 1 1 1 1 1 1 1 1 1 1 1 0 0 0 1 1 1 1 1 1 1 1 1 1 1 1 1 1 1 1 1 1 1 1 1 1 1 1 1 1 1 1 1 1 1 1 1 1 1 1 1 1 1 1 1 1 1 1 1 
0 1 1 1 1 1 1 1 1 1 1 1 0 0 0 1 1 1 1 1 1 1 1 1 1 1 1 1 1 1 1 1 1 1 1 1 1 1 1 1 1 1 1 1 1 1 1 1 1 1 1 1 1 1 1 1 1 1 1 1 
0 1 1 1 1 1 1 1 1 1 1 1 0 0 0 1 1 1 1 1 1 1 1 1 1 1 1 1 1 1 1 1 1 1 1 1 1 1 1 1 1 1 1 1 1 1 1 1 1 1 1 1 1 1 1 1 1 1 1 1 
0 1 1 1 1 1 1 1 1 1 1 1 1 1 1 0 0 0 1 1 1 1 1 1 1 1 1 1 1 1 1 1 1 1 1 1 1 1 1 1 1 1 1 1 1 1 1 1 1 1 1 1 1 1 1 1 1 1 1 1 
0 1 1 1 1 1 1 1 1 1 1 1 1 1 1 0 0 0 1 1 1 1 1 1 1 1 1 1 1 1 1 1 1 1 1 1 1 1 1 1 1 1 1 1 1 1 1 1 1 1 1 1 1 1 1 1 1 1 1 1 
0 1 1 1 1 1 1 1 1 1 1 1 1 1 1 0 0 0 1 1 1 1 1 1 1 1 1 1 1 1 1 1 1 1 1 1 1 1 1 1 1 1 1 1 1 1 1 1 1 1 1 1 1 1 1 1 1 1 1 1 
0 1 1 1 1 1 1 1 1 1 1 1 1 1 1 1 1 1 0 0 0 0 0 1 1 1 1 1 1 1 1 1 1 1 1 1 1 1 1 1 1 1 1 1 1 1 1 1 1 1 1 1 1 1 1 1 1 1 1 1 
0 1 1 1 1 1 1 1 1 1 1 1 1 1 1 1 1 1 0 0 0 0 0 1 1 1 1 1 1 1 1 1 1 1 1 1 1 1 1 1 1 1 1 1 1 1 1 1 1 1 1 1 1 1 1 1 1 1 1 1 
0 1 1 1 1 1 1 1 1 1 1 1 1 1 1 1 1 1 0 0 0 0 0 1 1 1 1 1 1 1 1 1 1 1 1 1 1 1 1 1 1 1 1 1 1 1 1 1 1 1 1 1 1 1 1 1 1 1 1 1 
0 1 1 1 1 1 1 1 1 1 1 1 1 1 1 1 1 1 0 0 0 0 0 1 1 1 1 1 1 1 1 1 1 1 1 1 1 1 1 1 1 1 1 1 1 1 1 1 1 1 1 1 1 1 1 1 1 1 1 1 
0 1 1 1 1 1 1 1 1 1 1 1 1 1 1 1 1 1 0 0 0 0 0 1 1 1 1 1 1 1 1 1 1 1 1 1 1 1 1 1 1 1 1 1 1 1 1 1 1 1 1 1 1 1 1 1 1 1 1 1 
0 1 1 1 1 1 1 1 1 1 1 1 1 1 1 1 1 1 1 1 1 1 1 0 0 0 0 0 1 1 1 1 1 1 1 1 1 1 1 1 1 1 1 1 1 1 1 1 1 1 1 1 1 1 1 1 1 1 1 1 
0 1 1 1 1 1 1 1 1 1 1 1 1 1 1 1 1 1 1 1 1 1 1 0 0 0 0 0 1 1 1 1 1 1 1 1 1 1 1 1 1 1 1 1 1 1 1 1 1 1 1 1 1 1 1 1 1 1 1 1 
0 1 1 1 1 1 1 1 1 1 1 1 1 1 1 1 1 1 1 1 1 1 1 0 0 0 0 0 1 1 1 1 1 1 1 1 1 1 1 1 1 1 1 1 1 1 1 1 1 1 1 1 1 1 1 1 1 1 1 1 
0 1 1 1 1 1 1 1 1 1 1 1 1 1 1 1 1 1 1 1 1 1 1 0 0 0 0 0 1 1 1 1 1 1 1 1 1 1 1 1 1 1 1 1 1 1 1 1 1 1 1 1 1 1 1 1 1 1 1 1 
0 1 1 1 1 1 1 1 1 1 1 1 1 1 1 1 1 1 1 1 1 1 1 0 0 0 0 0 1 1 1 1 1 1 1 1 1 1 1 1 1 1 1 1 1 1 1 1 1 1 1 1 1 1 1 1 1 1 1 1 
0 1 1 1 1 1 1 1 1 1 1 1 1 1 1 1 1 1 1 1 1 1 1 1 1 1 1 1 0 0 0 0 0 1 1 1 1 1 1 1 1 1 1 1 1 1 1 1 1 1 1 1 1 1 1 1 1 1 1 1 
0 1 1 1 1 1 1 1 1 1 1 1 1 1 1 1 1 1 1 1 1 1 1 1 1 1 1 1 0 0 0 0 0 1 1 1 1 1 1 1 1 1 1 1 1 1 1 1 1 1 1 1 1 1 1 1 1 1 1 1 
0 1 1 1 1 1 1 1 1 1 1 1 1 1 1 1 1 1 1 1 1 1 1 1 1 1 1 1 0 0 0 0 0 1 1 1 1 1 1 1 1 1 1 1 1 1 1 1 1 1 1 1 1 1 1 1 1 1 1 1 
0 1 1 1 1 1 1 1 1 1 1 1 1 1 1 1 1 1 1 1 1 1 1 1 1 1 1 1 0 0 0 0 0 1 1 1 1 1 1 1 1 1 1 1 1 1 1 1 1 1 1 1 1 1 1 1 1 1 1 1 
0 1 1 1 1 1 1 1 1 1 1 1 1 1 1 1 1 1 1 1 1 1 1 1 1 1 1 1 0 0 0 0 0 1 1 1 1 1 1 1 1 1 1 1 1 1 1 1 1 1 1 1 1 1 1 1 1 1 1 1 
0 1 1 1 1 1 1 1 1 1 1 1 1 1 1 1 1 1 1 1 1 1 1 1 1 1 1 1 1 1 1 1 1 0 0 1 1 1 1 1 1 1 1 1 1 1 1 1 1 1 1 1 1 1 1 1 1 1 1 1 
0 1 1 1 1 1 1 1 1 1 1 1 1 1 1 1 1 1 1 1 1 1 1 1 1 1 1 1 1 1 1 1 1 0 0 1 1 1 1 1 1 1 1 1 1 1 1 1 1 1 1 1 1 1 1 1 1 1 1 1 
0 1 1 1 1 1 1 1 1 1 1 1 1 1 1 1 1 1 1 1 1 1 1 1 1 1 1 1 1 1 1 1 1 1 1 0 0 0 0 1 1 1 1 1 1 1 1 1 1 1 1 1 1 1 1 1 1 1 1 1 
0 1 1 1 1 1 1 1 1 1 1 1 1 1 1 1 1 1 1 1 1 1 1 1 1 1 1 1 1 1 1 1 1 1 1 0 0 0 0 1 1 1 1 1 1 1 1 1 1 1 1 1 1 1 1 1 1 1 1 1 
0 1 1 1 1 1 1 1 1 1 1 1 1 1 1 1 1 1 1 1 1 1 1 1 1 1 1 1 1 1 1 1 1 1 1 0 0 0 0 1 1 1 1 1 1 1 1 1 1 1 1 1 1 1 1 1 1 1 1 1 
0 1 1 1 1 1 1 1 1 1 1 1 1 1 1 1 1 1 1 1 1 1 1 1 1 1 1 1 1 1 1 1 1 1 1 0 0 0 0 1 1 1 1 1 1 1 1 1 1 1 1 1 1 1 1 1 1 1 1 1 
0 1 1 1 1 1 1 1 1 1 1 1 1 1 1 1 1 1 1 1 1 1 1 1 1 1 1 1 1 1 1 1 1 1 1 1 1 1 1 0 0 0 0 0 1 1 1 1 1 1 1 1 1 1 1 1 1 1 1 1 
0 1 1 1 1 1 1 1 1 1 1 1 1 1 1 1 1 1 1 1 1 1 1 1 1 1 1 1 1 1 1 1 1 1 1 1 1 1 1 0 0 0 0 0 1 1 1 1 1 1 1 1 1 1 1 1 1 1 1 1 
0 1 1 1 1 1 1 1 1 1 1 1 1 1 1 1 1 1 1 1 1 1 1 1 1 1 1 1 1 1 1 1 1 1 1 1 1 1 1 0 0 0 0 0 1 1 1 1 1 1 1 1 1 1 1 1 1 1 1 1 
0 1 1 1 1 1 1 1 1 1 1 1 1 1 1 1 1 1 1 1 1 1 1 1 1 1 1 1 1 1 1 1 1 1 1 1 1 1 1 0 0 0 0 0 1 1 1 1 1 1 1 1 1 1 1 1 1 1 1 1 
0 1 1 1 1 1 1 1 1 1 1 1 1 1 1 1 1 1 1 1 1 1 1 1 1 1 1 1 1 1 1 1 1 1 1 1 1 1 1 0 0 0 0 0 1 1 1 1 1 1 1 1 1 1 1 1 1 1 1 1 
0 1 1 1 1 1 1 1 1 1 1 1 1 1 1 1 1 1 1 1 1 1 1 1 1 1 1 1 1 1 1 1 1 1 1 1 1 1 1 1 1 1 1 1 0 0 0 0 0 0 1 1 1 1 1 1 1 1 1 1 
0 1 1 1 1 1 1 1 1 1 1 1 1 1 1 1 1 1 1 1 1 1 1 1 1 1 1 1 1 1 1 1 1 1 1 1 1 1 1 1 1 1 1 1 0 0 0 0 0 0 1 1 1 1 1 1 1 1 1 1 
0 1 1 1 1 1 1 1 1 1 1 1 1 1 1 1 1 1 1 1 1 1 1 1 1 1 1 1 1 1 1 1 1 1 1 1 1 1 1 1 1 1 1 1 0 0 0 0 0 0 1 1 1 1 1 1 1 1 1 1 
0 1 1 1 1 1 1 1 1 1 1 1 1 1 1 1 1 1 1 1 1 1 1 1 1 1 1 1 1 1 1 1 1 1 1 1 1 1 1 1 1 1 1 1 0 0 0 0 0 0 1 1 1 1 1 1 1 1 1 1 
0 1 1 1 1 1 1 1 1 1 1 1 1 1 1 1 1 1 1 1 1 1 1 1 1 1 1 1 1 1 1 1 1 1 1 1 1 1 1 1 1 1 1 1 0 0 0 0 0 0 1 1 1 1 1 1 1 1 1 1 
0 1 1 1 1 1 1 1 1 1 1 1 1 1 1 1 1 1 1 1 1 1 1 1 1 1 1 1 1 1 1 1 1 1 1 1 1 1 1 1 1 1 1 1 0 0 0 0 0 0 1 1 1 1 1 1 1 1 1 1 
0 1 1 1 1 1 1 1 1 1 1 1 1 1 1 1 1 1 1 1 1 1 1 1 1 1 1 1 1 1 1 1 1 1 1 1 1 1 1 1 1 1 1 1 1 1 1 1 1 1 0 0 0 0 0 1 1 1 1 1 
0 1 1 1 1 1 1 1 1 1 1 1 1 1 1 1 1 1 1 1 1 1 1 1 1 1 1 1 1 1 1 1 1 1 1 1 1 1 1 1 1 1 1 1 1 1 1 1 1 1 0 0 0 0 0 1 1 1 1 1 
0 1 1 1 1 1 1 1 1 1 1 1 1 1 1 1 1 1 1 1 1 1 1 1 1 1 1 1 1 1 1 1 1 1 1 1 1 1 1 1 1 1 1 1 1 1 1 1 1 1 0 0 0 0 0 1 1 1 1 1 
0 1 1 1 1 1 1 1 1 1 1 1 1 1 1 1 1 1 1 1 1 1 1 1 1 1 1 1 1 1 1 1 1 1 1 1 1 1 1 1 1 1 1 1 1 1 1 1 1 1 0 0 0 0 0 1 1 1 1 1 
0 1 1 1 1 1 1 1 1 1 1 1 1 1 1 1 1 1 1 1 1 1 1 1 1 1 1 1 1 1 1 1 1 1 1 1 1 1 1 1 1 1 1 1 1 1 1 1 1 1 0 0 0 0 0 1 1 1 1 1 
0 1 1 1 1 1 1 1 1 1 1 1 1 1 1 1 1 1 1 1 1 1 1 1 1 1 1 1 1 1 1 1 1 1 1 1 1 1 1 1 1 1 1 1 1 1 1 1 1 1 1 1 1 1 1 0 0 0 0 0 
0 1 1 1 1 1 1 1 1 1 1 1 1 1 1 1 1 1 1 1 1 1 1 1 1 1 1 1 1 1 1 1 1 1 1 1 1 1 1 1 1 1 1 1 1 1 1 1 1 1 1 1 1 1 1 0 0 0 0 0 
0 1 1 1 1 1 1 1 1 1 1 1 1 1 1 1 1 1 1 1 1 1 1 1 1 1 1 1 1 1 1 1 1 1 1 1 1 1 1 1 1 1 1 1 1 1 1 1 1 1 1 1 1 1 1 0 0 0 0 0 
0 1 1 1 1 1 1 1 1 1 1 1 1 1 1 1 1 1 1 1 1 1 1 1 1 1 1 1 1 1 1 1 1 1 1 1 1 1 1 1 1 1 1 1 1 1 1 1 1 1 1 1 1 1 1 0 0 0 0 0 
0 1 1 1 1 1 1 1 1 1 1 1 1 1 1 1 1 1 1 1 1 1 1 1 1 1 1 1 1 1 1 1 1 1 1 1 1 1 1 1 1 1 1 1 1 1 1 1 1 1 1 1 1 1 1 0 0 0 0 0 

12
14
