26 
12 

2 
2 
3 
2 
2 
2 
2 
2 
3 
2 
2 
2 

69 

25 25 25 25 29.4118 29.4118 29.4118 24.5902 24.5902 23.4375 23.4375 27.7778 27.7778 23.0769 23.0769 27.7778 27.7778 26.3158 26.3158 26.3158 23.4375 23.4375 22.0588 22.0588 25 25 
25 25 25 25 29.4118 29.4118 29.4118 24.5902 24.5902 23.4375 23.4375 27.7778 27.7778 23.0769 23.0769 27.7778 27.7778 26.3158 26.3158 26.3158 23.4375 23.4375 22.0588 22.0588 25 25 
25 25 25 25 29.4118 29.4118 29.4118 24.5902 24.5902 23.4375 23.4375 27.7778 27.7778 23.0769 23.0769 27.7778 27.7778 26.3158 26.3158 26.3158 23.4375 23.4375 22.0588 22.0588 25 25 
20 20 20 20 23.5294 23.5294 23.5294 19.6721 19.6721 18.75 18.75 22.2222 22.2222 18.4615 18.4615 22.2222 22.2222 21.0526 21.0526 21.0526 18.75 18.75 17.6471 17.6471 20 20 
25 25 25 25 29.4118 29.4118 29.4118 24.5902 24.5902 23.4375 23.4375 27.7778 27.7778 23.0769 23.0769 27.7778 27.7778 26.3158 26.3158 26.3158 23.4375 23.4375 22.0588 22.0588 25 25 
25 25 25 25 29.4118 29.4118 29.4118 24.5902 24.5902 23.4375 23.4375 27.7778 27.7778 23.0769 23.0769 27.7778 27.7778 26.3158 26.3158 26.3158 23.4375 23.4375 22.0588 22.0588 25 25 
25 25 25 25 29.4118 29.4118 29.4118 24.5902 24.5902 23.4375 23.4375 27.7778 27.7778 23.0769 23.0769 27.7778 27.7778 26.3158 26.3158 26.3158 23.4375 23.4375 22.0588 22.0588 25 25 
25 25 25 25 29.4118 29.4118 29.4118 24.5902 24.5902 23.4375 23.4375 27.7778 27.7778 23.0769 23.0769 27.7778 27.7778 26.3158 26.3158 26.3158 23.4375 23.4375 22.0588 22.0588 25 25 
9 9 9 9 10.5882 10.5882 10.5882 8.85246 8.85246 8.4375 8.4375 10 10 8.30769 8.30769 10 10 9.47368 9.47368 9.47368 8.4375 8.4375 7.94118 7.94118 9 9 
25 25 25 25 29.4118 29.4118 29.4118 24.5902 24.5902 23.4375 23.4375 27.7778 27.7778 23.0769 23.0769 27.7778 27.7778 26.3158 26.3158 26.3158 23.4375 23.4375 22.0588 22.0588 25 25 
25 25 25 25 29.4118 29.4118 29.4118 24.5902 24.5902 23.4375 23.4375 27.7778 27.7778 23.0769 23.0769 27.7778 27.7778 26.3158 26.3158 26.3158 23.4375 23.4375 22.0588 22.0588 25 25 
25 25 25 25 29.4118 29.4118 29.4118 24.5902 24.5902 23.4375 23.4375 27.7778 27.7778 23.0769 23.0769 27.7778 27.7778 26.3158 26.3158 26.3158 23.4375 23.4375 22.0588 22.0588 25 25 
25 25 25 25 29.4118 29.4118 29.4118 24.5902 24.5902 23.4375 23.4375 27.7778 27.7778 23.0769 23.0769 27.7778 27.7778 26.3158 26.3158 26.3158 23.4375 23.4375 22.0588 22.0588 25 25 
11 11 11 11 12.9412 12.9412 12.9412 10.8197 10.8197 10.3125 10.3125 12.2222 12.2222 10.1538 10.1538 12.2222 12.2222 11.5789 11.5789 11.5789 10.3125 10.3125 9.70588 9.70588 11 11 
25 25 25 25 29.4118 29.4118 29.4118 24.5902 24.5902 23.4375 23.4375 27.7778 27.7778 23.0769 23.0769 27.7778 27.7778 26.3158 26.3158 26.3158 23.4375 23.4375 22.0588 22.0588 25 25 
25 25 25 25 29.4118 29.4118 29.4118 24.5902 24.5902 23.4375 23.4375 27.7778 27.7778 23.0769 23.0769 27.7778 27.7778 26.3158 26.3158 26.3158 23.4375 23.4375 22.0588 22.0588 25 25 
25 25 25 25 29.4118 29.4118 29.4118 24.5902 24.5902 23.4375 23.4375 27.7778 27.7778 23.0769 23.0769 27.7778 27.7778 26.3158 26.3158 26.3158 23.4375 23.4375 22.0588 22.0588 25 25 
25 25 25 25 29.4118 29.4118 29.4118 24.5902 24.5902 23.4375 23.4375 27.7778 27.7778 23.0769 23.0769 27.7778 27.7778 26.3158 26.3158 26.3158 23.4375 23.4375 22.0588 22.0588 25 25 
25 25 25 25 29.4118 29.4118 29.4118 24.5902 24.5902 23.4375 23.4375 27.7778 27.7778 23.0769 23.0769 27.7778 27.7778 26.3158 26.3158 26.3158 23.4375 23.4375 22.0588 22.0588 25 25 
9 9 9 9 10.5882 10.5882 10.5882 8.85246 8.85246 8.4375 8.4375 10 10 8.30769 8.30769 10 10 9.47368 9.47368 9.47368 8.4375 8.4375 7.94118 7.94118 9 9 
25 25 25 25 29.4118 29.4118 29.4118 24.5902 24.5902 23.4375 23.4375 27.7778 27.7778 23.0769 23.0769 27.7778 27.7778 26.3158 26.3158 26.3158 23.4375 23.4375 22.0588 22.0588 25 25 
25 25 25 25 29.4118 29.4118 29.4118 24.5902 24.5902 23.4375 23.4375 27.7778 27.7778 23.0769 23.0769 27.7778 27.7778 26.3158 26.3158 26.3158 23.4375 23.4375 22.0588 22.0588 25 25 
25 25 25 25 29.4118 29.4118 29.4118 24.5902 24.5902 23.4375 23.4375 27.7778 27.7778 23.0769 23.0769 27.7778 27.7778 26.3158 26.3158 26.3158 23.4375 23.4375 22.0588 22.0588 25 25 
25 25 25 25 29.4118 29.4118 29.4118 24.5902 24.5902 23.4375 23.4375 27.7778 27.7778 23.0769 23.0769 27.7778 27.7778 26.3158 26.3158 26.3158 23.4375 23.4375 22.0588 22.0588 25 25 
18 18 18 18 21.1765 21.1765 21.1765 17.7049 17.7049 16.875 16.875 20 20 16.6154 16.6154 20 20 18.9474 18.9474 18.9474 16.875 16.875 15.8824 15.8824 18 18 
25 25 25 25 29.4118 29.4118 29.4118 24.5902 24.5902 23.4375 23.4375 27.7778 27.7778 23.0769 23.0769 27.7778 27.7778 26.3158 26.3158 26.3158 23.4375 23.4375 22.0588 22.0588 25 25 
25 25 25 25 29.4118 29.4118 29.4118 24.5902 24.5902 23.4375 23.4375 27.7778 27.7778 23.0769 23.0769 27.7778 27.7778 26.3158 26.3158 26.3158 23.4375 23.4375 22.0588 22.0588 25 25 
25 25 25 25 29.4118 29.4118 29.4118 24.5902 24.5902 23.4375 23.4375 27.7778 27.7778 23.0769 23.0769 27.7778 27.7778 26.3158 26.3158 26.3158 23.4375 23.4375 22.0588 22.0588 25 25 
25 25 25 25 29.4118 29.4118 29.4118 24.5902 24.5902 23.4375 23.4375 27.7778 27.7778 23.0769 23.0769 27.7778 27.7778 26.3158 26.3158 26.3158 23.4375 23.4375 22.0588 22.0588 25 25 
25 25 25 25 29.4118 29.4118 29.4118 24.5902 24.5902 23.4375 23.4375 27.7778 27.7778 23.0769 23.0769 27.7778 27.7778 26.3158 26.3158 26.3158 23.4375 23.4375 22.0588 22.0588 25 25 
24 24 24 24 28.2353 28.2353 28.2353 23.6066 23.6066 22.5 22.5 26.6667 26.6667 22.1538 22.1538 26.6667 26.6667 25.2632 25.2632 25.2632 22.5 22.5 21.1765 21.1765 24 24 
25 25 25 25 29.4118 29.4118 29.4118 24.5902 24.5902 23.4375 23.4375 27.7778 27.7778 23.0769 23.0769 27.7778 27.7778 26.3158 26.3158 26.3158 23.4375 23.4375 22.0588 22.0588 25 25 
25 25 25 25 29.4118 29.4118 29.4118 24.5902 24.5902 23.4375 23.4375 27.7778 27.7778 23.0769 23.0769 27.7778 27.7778 26.3158 26.3158 26.3158 23.4375 23.4375 22.0588 22.0588 25 25 
25 25 25 25 29.4118 29.4118 29.4118 24.5902 24.5902 23.4375 23.4375 27.7778 27.7778 23.0769 23.0769 27.7778 27.7778 26.3158 26.3158 26.3158 23.4375 23.4375 22.0588 22.0588 25 25 
25 25 25 25 29.4118 29.4118 29.4118 24.5902 24.5902 23.4375 23.4375 27.7778 27.7778 23.0769 23.0769 27.7778 27.7778 26.3158 26.3158 26.3158 23.4375 23.4375 22.0588 22.0588 25 25 
11 11 11 11 12.9412 12.9412 12.9412 10.8197 10.8197 10.3125 10.3125 12.2222 12.2222 10.1538 10.1538 12.2222 12.2222 11.5789 11.5789 11.5789 10.3125 10.3125 9.70588 9.70588 11 11 
25 25 25 25 29.4118 29.4118 29.4118 24.5902 24.5902 23.4375 23.4375 27.7778 27.7778 23.0769 23.0769 27.7778 27.7778 26.3158 26.3158 26.3158 23.4375 23.4375 22.0588 22.0588 25 25 
25 25 25 25 29.4118 29.4118 29.4118 24.5902 24.5902 23.4375 23.4375 27.7778 27.7778 23.0769 23.0769 27.7778 27.7778 26.3158 26.3158 26.3158 23.4375 23.4375 22.0588 22.0588 25 25 
22 22 22 22 25.8824 25.8824 25.8824 21.6393 21.6393 20.625 20.625 24.4444 24.4444 20.3077 20.3077 24.4444 24.4444 23.1579 23.1579 23.1579 20.625 20.625 19.4118 19.4118 22 22 
25 25 25 25 29.4118 29.4118 29.4118 24.5902 24.5902 23.4375 23.4375 27.7778 27.7778 23.0769 23.0769 27.7778 27.7778 26.3158 26.3158 26.3158 23.4375 23.4375 22.0588 22.0588 25 25 
25 25 25 25 29.4118 29.4118 29.4118 24.5902 24.5902 23.4375 23.4375 27.7778 27.7778 23.0769 23.0769 27.7778 27.7778 26.3158 26.3158 26.3158 23.4375 23.4375 22.0588 22.0588 25 25 
25 25 25 25 29.4118 29.4118 29.4118 24.5902 24.5902 23.4375 23.4375 27.7778 27.7778 23.0769 23.0769 27.7778 27.7778 26.3158 26.3158 26.3158 23.4375 23.4375 22.0588 22.0588 25 25 
24 24 24 24 28.2353 28.2353 28.2353 23.6066 23.6066 22.5 22.5 26.6667 26.6667 22.1538 22.1538 26.6667 26.6667 25.2632 25.2632 25.2632 22.5 22.5 21.1765 21.1765 24 24 
25 25 25 25 29.4118 29.4118 29.4118 24.5902 24.5902 23.4375 23.4375 27.7778 27.7778 23.0769 23.0769 27.7778 27.7778 26.3158 26.3158 26.3158 23.4375 23.4375 22.0588 22.0588 25 25 
25 25 25 25 29.4118 29.4118 29.4118 24.5902 24.5902 23.4375 23.4375 27.7778 27.7778 23.0769 23.0769 27.7778 27.7778 26.3158 26.3158 26.3158 23.4375 23.4375 22.0588 22.0588 25 25 
25 25 25 25 29.4118 29.4118 29.4118 24.5902 24.5902 23.4375 23.4375 27.7778 27.7778 23.0769 23.0769 27.7778 27.7778 26.3158 26.3158 26.3158 23.4375 23.4375 22.0588 22.0588 25 25 
25 25 25 25 29.4118 29.4118 29.4118 24.5902 24.5902 23.4375 23.4375 27.7778 27.7778 23.0769 23.0769 27.7778 27.7778 26.3158 26.3158 26.3158 23.4375 23.4375 22.0588 22.0588 25 25 
14 14 14 14 16.4706 16.4706 16.4706 13.7705 13.7705 13.125 13.125 15.5556 15.5556 12.9231 12.9231 15.5556 15.5556 14.7368 14.7368 14.7368 13.125 13.125 12.3529 12.3529 14 14 
25 25 25 25 29.4118 29.4118 29.4118 24.5902 24.5902 23.4375 23.4375 27.7778 27.7778 23.0769 23.0769 27.7778 27.7778 26.3158 26.3158 26.3158 23.4375 23.4375 22.0588 22.0588 25 25 
25 25 25 25 29.4118 29.4118 29.4118 24.5902 24.5902 23.4375 23.4375 27.7778 27.7778 23.0769 23.0769 27.7778 27.7778 26.3158 26.3158 26.3158 23.4375 23.4375 22.0588 22.0588 25 25 
25 25 25 25 29.4118 29.4118 29.4118 24.5902 24.5902 23.4375 23.4375 27.7778 27.7778 23.0769 23.0769 27.7778 27.7778 26.3158 26.3158 26.3158 23.4375 23.4375 22.0588 22.0588 25 25 
25 25 25 25 29.4118 29.4118 29.4118 24.5902 24.5902 23.4375 23.4375 27.7778 27.7778 23.0769 23.0769 27.7778 27.7778 26.3158 26.3158 26.3158 23.4375 23.4375 22.0588 22.0588 25 25 
15 15 15 15 17.6471 17.6471 17.6471 14.7541 14.7541 14.0625 14.0625 16.6667 16.6667 13.8462 13.8462 16.6667 16.6667 15.7895 15.7895 15.7895 14.0625 14.0625 13.2353 13.2353 15 15 
25 25 25 25 29.4118 29.4118 29.4118 24.5902 24.5902 23.4375 23.4375 27.7778 27.7778 23.0769 23.0769 27.7778 27.7778 26.3158 26.3158 26.3158 23.4375 23.4375 22.0588 22.0588 25 25 
25 25 25 25 29.4118 29.4118 29.4118 24.5902 24.5902 23.4375 23.4375 27.7778 27.7778 23.0769 23.0769 27.7778 27.7778 26.3158 26.3158 26.3158 23.4375 23.4375 22.0588 22.0588 25 25 
25 25 25 25 29.4118 29.4118 29.4118 24.5902 24.5902 23.4375 23.4375 27.7778 27.7778 23.0769 23.0769 27.7778 27.7778 26.3158 26.3158 26.3158 23.4375 23.4375 22.0588 22.0588 25 25 
25 25 25 25 29.4118 29.4118 29.4118 24.5902 24.5902 23.4375 23.4375 27.7778 27.7778 23.0769 23.0769 27.7778 27.7778 26.3158 26.3158 26.3158 23.4375 23.4375 22.0588 22.0588 25 25 
25 25 25 25 29.4118 29.4118 29.4118 24.5902 24.5902 23.4375 23.4375 27.7778 27.7778 23.0769 23.0769 27.7778 27.7778 26.3158 26.3158 26.3158 23.4375 23.4375 22.0588 22.0588 25 25 
18 18 18 18 21.1765 21.1765 21.1765 17.7049 17.7049 16.875 16.875 20 20 16.6154 16.6154 20 20 18.9474 18.9474 18.9474 16.875 16.875 15.8824 15.8824 18 18 
25 25 25 25 29.4118 29.4118 29.4118 24.5902 24.5902 23.4375 23.4375 27.7778 27.7778 23.0769 23.0769 27.7778 27.7778 26.3158 26.3158 26.3158 23.4375 23.4375 22.0588 22.0588 25 25 
25 25 25 25 29.4118 29.4118 29.4118 24.5902 24.5902 23.4375 23.4375 27.7778 27.7778 23.0769 23.0769 27.7778 27.7778 26.3158 26.3158 26.3158 23.4375 23.4375 22.0588 22.0588 25 25 
25 25 25 25 29.4118 29.4118 29.4118 24.5902 24.5902 23.4375 23.4375 27.7778 27.7778 23.0769 23.0769 27.7778 27.7778 26.3158 26.3158 26.3158 23.4375 23.4375 22.0588 22.0588 25 25 
25 25 25 25 29.4118 29.4118 29.4118 24.5902 24.5902 23.4375 23.4375 27.7778 27.7778 23.0769 23.0769 27.7778 27.7778 26.3158 26.3158 26.3158 23.4375 23.4375 22.0588 22.0588 25 25 
25 25 25 25 29.4118 29.4118 29.4118 24.5902 24.5902 23.4375 23.4375 27.7778 27.7778 23.0769 23.0769 27.7778 27.7778 26.3158 26.3158 26.3158 23.4375 23.4375 22.0588 22.0588 25 25 
25 25 25 25 29.4118 29.4118 29.4118 24.5902 24.5902 23.4375 23.4375 27.7778 27.7778 23.0769 23.0769 27.7778 27.7778 26.3158 26.3158 26.3158 23.4375 23.4375 22.0588 22.0588 25 25 
3 3 3 3 3.52941 3.52941 3.52941 2.95082 2.95082 2.8125 2.8125 3.33333 3.33333 2.76923 2.76923 3.33333 3.33333 3.15789 3.15789 3.15789 2.8125 2.8125 2.64706 2.64706 3 3 
25 25 25 25 29.4118 29.4118 29.4118 24.5902 24.5902 23.4375 23.4375 27.7778 27.7778 23.0769 23.0769 27.7778 27.7778 26.3158 26.3158 26.3158 23.4375 23.4375 22.0588 22.0588 25 25 
25 25 25 25 29.4118 29.4118 29.4118 24.5902 24.5902 23.4375 23.4375 27.7778 27.7778 23.0769 23.0769 27.7778 27.7778 26.3158 26.3158 26.3158 23.4375 23.4375 22.0588 22.0588 25 25 
5 5 5 5 5.88235 5.88235 5.88235 4.91803 4.91803 4.6875 4.6875 5.55556 5.55556 4.61538 4.61538 5.55556 5.55556 5.26316 5.26316 5.26316 4.6875 4.6875 4.41176 4.41176 5 5 

33 33 44 44 36 36 36 37 37 34 34 37 37 45 45 25 25 27 27 27 25 25 43 43 37 37 

1 1 1 1 1 1 1 1 1 1 1 1 1 1 1 1 1 1 1 1 1 1 1 1 1 1 
1 1 1 1 1 1 1 1 1 1 1 1 1 1 1 1 1 1 1 1 1 1 1 1 1 1 
1 1 1 1 1 1 1 1 1 1 1 1 1 1 1 1 1 1 1 1 1 1 1 1 1 1 
1 1 1 1 1 1 1 1 1 1 1 1 1 1 1 1 1 1 1 1 1 1 1 1 1 1 
1 1 1 1 1 1 1 1 1 1 1 1 1 1 1 1 1 1 1 1 1 1 1 1 1 1 
1 1 1 1 1 1 1 1 1 1 1 1 1 1 1 1 1 1 1 1 1 1 1 1 1 1 
1 1 1 1 1 1 1 1 1 1 1 1 1 1 1 1 1 1 1 1 1 1 1 1 1 1 
1 1 1 1 1 1 1 1 1 1 1 1 1 1 1 1 1 1 1 1 1 1 1 1 1 1 
1 1 1 1 1 1 1 1 1 1 1 1 1 1 1 1 1 1 1 1 1 1 1 1 1 1 
1 1 1 1 1 1 1 1 1 1 1 1 1 1 1 1 1 1 1 1 1 1 1 1 1 1 
1 1 1 1 1 1 1 1 1 1 1 1 1 1 1 1 1 1 1 1 1 1 1 1 1 1 
1 1 1 1 1 1 1 1 1 1 1 1 1 1 1 1 1 1 1 1 1 1 1 1 1 1 
1 1 1 1 1 1 1 1 1 1 1 1 1 1 1 1 1 1 1 1 1 1 1 1 1 1 
1 1 1 1 1 1 1 1 1 1 1 1 1 1 1 1 1 1 1 1 1 1 1 1 1 1 
1 1 1 1 1 1 1 1 1 1 1 1 1 1 1 1 1 1 1 1 1 1 1 1 1 1 
1 1 1 1 1 1 1 1 1 1 1 1 1 1 1 1 1 1 1 1 1 1 1 1 1 1 
1 1 1 1 1 1 1 1 1 1 1 1 1 1 1 1 1 1 1 1 1 1 1 1 1 1 
1 1 1 1 1 1 1 1 1 1 1 1 1 1 1 1 1 1 1 1 1 1 1 1 1 1 
1 1 1 1 1 1 1 1 1 1 1 1 1 1 1 1 1 1 1 1 1 1 1 1 1 1 
1 1 1 1 1 1 1 1 1 1 1 1 1 1 1 1 1 1 1 1 1 1 1 1 1 1 
1 1 1 1 1 1 1 1 1 1 1 1 1 1 1 1 1 1 1 1 1 1 1 1 1 1 
1 1 1 1 1 1 1 1 1 1 1 1 1 1 1 1 1 1 1 1 1 1 1 1 1 1 
1 1 1 1 1 1 1 1 1 1 1 1 1 1 1 1 1 1 1 1 1 1 1 1 1 1 
1 1 1 1 1 1 1 1 1 1 1 1 1 1 1 1 1 1 1 1 1 1 1 1 1 1 
1 1 1 1 1 1 1 1 1 1 1 1 1 1 1 1 1 1 1 1 1 1 1 1 1 1 
1 1 1 1 1 1 1 1 1 1 1 1 1 1 1 1 1 1 1 1 1 1 1 1 1 1 
1 1 1 1 1 1 1 1 1 1 1 1 1 1 1 1 1 1 1 1 1 1 1 1 1 1 
1 1 1 1 1 1 1 1 1 1 1 1 1 1 1 1 1 1 1 1 1 1 1 1 1 1 
1 1 1 1 1 1 1 1 1 1 1 1 1 1 1 1 1 1 1 1 1 1 1 1 1 1 
1 1 1 1 1 1 1 1 1 1 1 1 1 1 1 1 1 1 1 1 1 1 1 1 1 1 
1 1 1 1 1 1 1 1 1 1 1 1 1 1 1 1 1 1 1 1 1 1 1 1 1 1 
1 1 1 1 1 1 1 1 1 1 1 1 1 1 1 1 1 1 1 1 1 1 1 1 1 1 
1 1 1 1 1 1 1 1 1 1 1 1 1 1 1 1 1 1 1 1 1 1 1 1 1 1 
1 1 1 1 1 1 1 1 1 1 1 1 1 1 1 1 1 1 1 1 1 1 1 1 1 1 
1 1 1 1 1 1 1 1 1 1 1 1 1 1 1 1 1 1 1 1 1 1 1 1 1 1 
1 1 1 1 1 1 1 1 1 1 1 1 1 1 1 1 1 1 1 1 1 1 1 1 1 1 
1 1 1 1 1 1 1 1 1 1 1 1 1 1 1 1 1 1 1 1 1 1 1 1 1 1 
1 1 1 1 1 1 1 1 1 1 1 1 1 1 1 1 1 1 1 1 1 1 1 1 1 1 
1 1 1 1 1 1 1 1 1 1 1 1 1 1 1 1 1 1 1 1 1 1 1 1 1 1 
1 1 1 1 1 1 1 1 1 1 1 1 1 1 1 1 1 1 1 1 1 1 1 1 1 1 
1 1 1 1 1 1 1 1 1 1 1 1 1 1 1 1 1 1 1 1 1 1 1 1 1 1 
1 1 1 1 1 1 1 1 1 1 1 1 1 1 1 1 1 1 1 1 1 1 1 1 1 1 
1 1 1 1 1 1 1 1 1 1 1 1 1 1 1 1 1 1 1 1 1 1 1 1 1 1 
1 1 1 1 1 1 1 1 1 1 1 1 1 1 1 1 1 1 1 1 1 1 1 1 1 1 
1 1 1 1 1 1 1 1 1 1 1 1 1 1 1 1 1 1 1 1 1 1 1 1 1 1 
1 1 1 1 1 1 1 1 1 1 1 1 1 1 1 1 1 1 1 1 1 1 1 1 1 1 
1 1 1 1 1 1 1 1 1 1 1 1 1 1 1 1 1 1 1 1 1 1 1 1 1 1 
1 1 1 1 1 1 1 1 1 1 1 1 1 1 1 1 1 1 1 1 1 1 1 1 1 1 
1 1 1 1 1 1 1 1 1 1 1 1 1 1 1 1 1 1 1 1 1 1 1 1 1 1 
1 1 1 1 1 1 1 1 1 1 1 1 1 1 1 1 1 1 1 1 1 1 1 1 1 1 
1 1 1 1 1 1 1 1 1 1 1 1 1 1 1 1 1 1 1 1 1 1 1 1 1 1 
1 1 1 1 1 1 1 1 1 1 1 1 1 1 1 1 1 1 1 1 1 1 1 1 1 1 
1 1 1 1 1 1 1 1 1 1 1 1 1 1 1 1 1 1 1 1 1 1 1 1 1 1 
1 1 1 1 1 1 1 1 1 1 1 1 1 1 1 1 1 1 1 1 1 1 1 1 1 1 
1 1 1 1 1 1 1 1 1 1 1 1 1 1 1 1 1 1 1 1 1 1 1 1 1 1 
1 1 1 1 1 1 1 1 1 1 1 1 1 1 1 1 1 1 1 1 1 1 1 1 1 1 
1 1 1 1 1 1 1 1 1 1 1 1 1 1 1 1 1 1 1 1 1 1 1 1 1 1 
1 1 1 1 1 1 1 1 1 1 1 1 1 1 1 1 1 1 1 1 1 1 1 1 1 1 
1 1 1 1 1 1 1 1 1 1 1 1 1 1 1 1 1 1 1 1 1 1 1 1 1 1 
1 1 1 1 1 1 1 1 1 1 1 1 1 1 1 1 1 1 1 1 1 1 1 1 1 1 
1 1 1 1 1 1 1 1 1 1 1 1 1 1 1 1 1 1 1 1 1 1 1 1 1 1 
1 1 1 1 1 1 1 1 1 1 1 1 1 1 1 1 1 1 1 1 1 1 1 1 1 1 
1 1 1 1 1 1 1 1 1 1 1 1 1 1 1 1 1 1 1 1 1 1 1 1 1 1 
1 1 1 1 1 1 1 1 1 1 1 1 1 1 1 1 1 1 1 1 1 1 1 1 1 1 
1 1 1 1 1 1 1 1 1 1 1 1 1 1 1 1 1 1 1 1 1 1 1 1 1 1 
1 1 1 1 1 1 1 1 1 1 1 1 1 1 1 1 1 1 1 1 1 1 1 1 1 1 
1 1 1 1 1 1 1 1 1 1 1 1 1 1 1 1 1 1 1 1 1 1 1 1 1 1 
1 1 1 1 1 1 1 1 1 1 1 1 1 1 1 1 1 1 1 1 1 1 1 1 1 1 
1 1 1 1 1 1 1 1 1 1 1 1 1 1 1 1 1 1 1 1 1 1 1 1 1 1 

29 
14 

2 
2 
3 
2 
2 
2 
2 
1 
2 
3 
2 
2 
2 
2 

69 

65 65 75 75 78 78 78 100 100 78 78 88 88 78 78 62 100 100 60 60 60 62 62 62 62 71 71 83 83 
65 65 75 75 78 78 78 100 100 78 78 88 88 78 78 62 100 100 60 60 60 62 62 62 62 71 71 83 83 
65 65 75 75 78 78 78 100 100 78 78 88 88 78 78 62 100 100 60 60 60 62 62 62 62 71 71 83 83 
52 52 60 60 63 63 63 80 80 63 63 70 70 63 63 50 80 80 48 48 48 50 50 50 50 57 57 66 66 
65 65 75 75 78 78 78 100 100 78 78 88 88 78 78 62 100 100 60 60 60 62 62 62 62 71 71 83 83 
65 65 75 75 78 78 78 100 100 78 78 88 88 78 78 62 100 100 60 60 60 62 62 62 62 71 71 83 83 
65 65 75 75 78 78 78 100 100 78 78 88 88 78 78 62 100 100 60 60 60 62 62 62 62 71 71 83 83 
65 65 75 75 78 78 78 100 100 78 78 88 88 78 78 62 100 100 60 60 60 62 62 62 62 71 71 83 83 
23 23 27 27 28 28 28 36 36 28 28 31 31 28 28 22 36 36 21 21 21 22 22 22 22 25 25 30 30 
65 65 75 75 78 78 78 100 100 78 78 88 88 78 78 62 100 100 60 60 60 62 62 62 62 71 71 83 83 
65 65 75 75 78 78 78 100 100 78 78 88 88 78 78 62 100 100 60 60 60 62 62 62 62 71 71 83 83 
65 65 75 75 78 78 78 100 100 78 78 88 88 78 78 62 100 100 60 60 60 62 62 62 62 71 71 83 83 
65 65 75 75 78 78 78 100 100 78 78 88 88 78 78 62 100 100 60 60 60 62 62 62 62 71 71 83 83 
28 28 33 33 34 34 34 44 44 34 34 38 38 34 34 27 44 44 26 26 26 27 27 27 27 31 31 36 36 
65 65 75 75 78 78 78 100 100 78 78 88 88 78 78 62 100 100 60 60 60 62 62 62 62 71 71 83 83 
65 65 75 75 78 78 78 100 100 78 78 88 88 78 78 62 100 100 60 60 60 62 62 62 62 71 71 83 83 
65 65 75 75 78 78 78 100 100 78 78 88 88 78 78 62 100 100 60 60 60 62 62 62 62 71 71 83 83 
65 65 75 75 78 78 78 100 100 78 78 88 88 78 78 62 100 100 60 60 60 62 62 62 62 71 71 83 83 
65 65 75 75 78 78 78 100 100 78 78 88 88 78 78 62 100 100 60 60 60 62 62 62 62 71 71 83 83 
23 23 27 27 28 28 28 36 36 28 28 31 31 28 28 22 36 36 21 21 21 22 22 22 22 25 25 30 30 
65 65 75 75 78 78 78 100 100 78 78 88 88 78 78 62 100 100 60 60 60 62 62 62 62 71 71 83 83 
65 65 75 75 78 78 78 100 100 78 78 88 88 78 78 62 100 100 60 60 60 62 62 62 62 71 71 83 83 
65 65 75 75 78 78 78 100 100 78 78 88 88 78 78 62 100 100 60 60 60 62 62 62 62 71 71 83 83 
65 65 75 75 78 78 78 100 100 78 78 88 88 78 78 62 100 100 60 60 60 62 62 62 62 71 71 83 83 
46 46 54 54 56 56 56 72 72 56 56 63 63 56 56 45 72 72 43 43 43 45 45 45 45 51 51 60 60 
65 65 75 75 78 78 78 100 100 78 78 88 88 78 78 62 100 100 60 60 60 62 62 62 62 71 71 83 83 
65 65 75 75 78 78 78 100 100 78 78 88 88 78 78 62 100 100 60 60 60 62 62 62 62 71 71 83 83 
65 65 75 75 78 78 78 100 100 78 78 88 88 78 78 62 100 100 60 60 60 62 62 62 62 71 71 83 83 
65 65 75 75 78 78 78 100 100 78 78 88 88 78 78 62 100 100 60 60 60 62 62 62 62 71 71 83 83 
65 65 75 75 78 78 78 100 100 78 78 88 88 78 78 62 100 100 60 60 60 62 62 62 62 71 71 83 83 
62 62 72 72 75 75 75 96 96 75 75 84 84 75 75 60 96 96 57 57 57 60 60 60 60 68 68 80 80 
65 65 75 75 78 78 78 100 100 78 78 88 88 78 78 62 100 100 60 60 60 62 62 62 62 71 71 83 83 
65 65 75 75 78 78 78 100 100 78 78 88 88 78 78 62 100 100 60 60 60 62 62 62 62 71 71 83 83 
65 65 75 75 78 78 78 100 100 78 78 88 88 78 78 62 100 100 60 60 60 62 62 62 62 71 71 83 83 
65 65 75 75 78 78 78 100 100 78 78 88 88 78 78 62 100 100 60 60 60 62 62 62 62 71 71 83 83 
28 28 33 33 34 34 34 44 44 34 34 38 38 34 34 27 44 44 26 26 26 27 27 27 27 31 31 36 36 
65 65 75 75 78 78 78 100 100 78 78 88 88 78 78 62 100 100 60 60 60 62 62 62 62 71 71 83 83 
65 65 75 75 78 78 78 100 100 78 78 88 88 78 78 62 100 100 60 60 60 62 62 62 62 71 71 83 83 
57 57 66 66 69 69 69 88 88 69 69 77 77 69 69 55 88 88 52 52 52 55 55 55 55 62 62 73 73 
65 65 75 75 78 78 78 100 100 78 78 88 88 78 78 62 100 100 60 60 60 62 62 62 62 71 71 83 83 
65 65 75 75 78 78 78 100 100 78 78 88 88 78 78 62 100 100 60 60 60 62 62 62 62 71 71 83 83 
65 65 75 75 78 78 78 100 100 78 78 88 88 78 78 62 100 100 60 60 60 62 62 62 62 71 71 83 83 
62 62 72 72 75 75 75 96 96 75 75 84 84 75 75 60 96 96 57 57 57 60 60 60 60 68 68 80 80 
65 65 75 75 78 78 78 100 100 78 78 88 88 78 78 62 100 100 60 60 60 62 62 62 62 71 71 83 83 
65 65 75 75 78 78 78 100 100 78 78 88 88 78 78 62 100 100 60 60 60 62 62 62 62 71 71 83 83 
65 65 75 75 78 78 78 100 100 78 78 88 88 78 78 62 100 100 60 60 60 62 62 62 62 71 71 83 83 
65 65 75 75 78 78 78 100 100 78 78 88 88 78 78 62 100 100 60 60 60 62 62 62 62 71 71 83 83 
36 36 42 42 44 44 44 56 56 44 44 49 49 44 44 35 56 56 33 33 33 35 35 35 35 40 40 46 46 
65 65 75 75 78 78 78 100 100 78 78 88 88 78 78 62 100 100 60 60 60 62 62 62 62 71 71 83 83 
65 65 75 75 78 78 78 100 100 78 78 88 88 78 78 62 100 100 60 60 60 62 62 62 62 71 71 83 83 
65 65 75 75 78 78 78 100 100 78 78 88 88 78 78 62 100 100 60 60 60 62 62 62 62 71 71 83 83 
65 65 75 75 78 78 78 100 100 78 78 88 88 78 78 62 100 100 60 60 60 62 62 62 62 71 71 83 83 
39 39 45 45 47 47 47 60 60 47 47 52 52 47 47 37 60 60 36 36 36 37 37 37 37 42 42 50 50 
65 65 75 75 78 78 78 100 100 78 78 88 88 78 78 62 100 100 60 60 60 62 62 62 62 71 71 83 83 
65 65 75 75 78 78 78 100 100 78 78 88 88 78 78 62 100 100 60 60 60 62 62 62 62 71 71 83 83 
65 65 75 75 78 78 78 100 100 78 78 88 88 78 78 62 100 100 60 60 60 62 62 62 62 71 71 83 83 
65 65 75 75 78 78 78 100 100 78 78 88 88 78 78 62 100 100 60 60 60 62 62 62 62 71 71 83 83 
65 65 75 75 78 78 78 100 100 78 78 88 88 78 78 62 100 100 60 60 60 62 62 62 62 71 71 83 83 
46 46 54 54 56 56 56 72 72 56 56 63 63 56 56 45 72 72 43 43 43 45 45 45 45 51 51 60 60 
65 65 75 75 78 78 78 100 100 78 78 88 88 78 78 62 100 100 60 60 60 62 62 62 62 71 71 83 83 
65 65 75 75 78 78 78 100 100 78 78 88 88 78 78 62 100 100 60 60 60 62 62 62 62 71 71 83 83 
65 65 75 75 78 78 78 100 100 78 78 88 88 78 78 62 100 100 60 60 60 62 62 62 62 71 71 83 83 
65 65 75 75 78 78 78 100 100 78 78 88 88 78 78 62 100 100 60 60 60 62 62 62 62 71 71 83 83 
65 65 75 75 78 78 78 100 100 78 78 88 88 78 78 62 100 100 60 60 60 62 62 62 62 71 71 83 83 
65 65 75 75 78 78 78 100 100 78 78 88 88 78 78 62 100 100 60 60 60 62 62 62 62 71 71 83 83 
7 7 9 9 9 9 9 12 12 9 9 10 10 9 9 7 12 12 7 7 7 7 7 7 7 8 8 10 10 
65 65 75 75 78 78 78 100 100 78 78 88 88 78 78 62 100 100 60 60 60 62 62 62 62 71 71 83 83 
65 65 75 75 78 78 78 100 100 78 78 88 88 78 78 62 100 100 60 60 60 62 62 62 62 71 71 83 83 
13 13 15 15 15 15 15 20 20 15 15 17 17 15 15 12 20 20 12 12 12 12 12 12 12 14 14 16 16 

28 
28 
32 
32 
40 
40 
40 
35 
35 
38 
38 
41 
41 
29 
29 
34 
31 
31 
45 
45 
45 
26 
26 
39 
39 
40 
40 
43 
43 

1 1 1 1 1 1 1 1 1 1 1 1 1 1 1 1 1 1 1 1 1 1 1 1 1 1 1 1 1 
1 1 1 1 1 1 1 1 1 1 1 1 1 1 1 1 1 1 1 1 1 1 1 1 1 1 1 1 1 
1 1 1 1 1 1 1 1 1 1 1 1 1 1 1 1 1 1 1 1 1 1 1 1 1 1 1 1 1 
1 1 1 1 1 1 1 1 1 1 1 1 1 1 1 1 1 1 1 1 1 1 1 1 1 1 1 1 1 
1 1 1 1 1 1 1 1 1 1 1 1 1 1 1 1 1 1 1 1 1 1 1 1 1 1 1 1 1 
1 1 1 1 1 1 1 1 1 1 1 1 1 1 1 1 1 1 1 1 1 1 1 1 1 1 1 1 1 
1 1 1 1 1 1 1 1 1 1 1 1 1 1 1 1 1 1 1 1 1 1 1 1 1 1 1 1 1 
1 1 1 1 1 1 1 1 1 1 1 1 1 1 1 1 1 1 1 1 1 1 1 1 1 1 1 1 1 
1 1 1 1 1 1 1 1 1 1 1 1 1 1 1 1 1 1 1 1 1 1 1 1 1 1 1 1 1 
1 1 1 1 1 1 1 1 1 1 1 1 1 1 1 1 1 1 1 1 1 1 1 1 1 1 1 1 1 
1 1 1 1 1 1 1 1 1 1 1 1 1 1 1 1 1 1 1 1 1 1 1 1 1 1 1 1 1 
1 1 1 1 1 1 1 1 1 1 1 1 1 1 1 1 1 1 1 1 1 1 1 1 1 1 1 1 1 
1 1 1 1 1 1 1 1 1 1 1 1 1 1 1 1 1 1 1 1 1 1 1 1 1 1 1 1 1 
1 1 1 1 1 1 1 1 1 1 1 1 1 1 1 1 1 1 1 1 1 1 1 1 1 1 1 1 1 
1 1 1 1 1 1 1 1 1 1 1 1 1 1 1 1 1 1 1 1 1 1 1 1 1 1 1 1 1 
1 1 1 1 1 1 1 1 1 1 1 1 1 1 1 1 1 1 1 1 1 1 1 1 1 1 1 1 1 
1 1 1 1 1 1 1 1 1 1 1 1 1 1 1 1 1 1 1 1 1 1 1 1 1 1 1 1 1 
1 1 1 1 1 1 1 1 1 1 1 1 1 1 1 1 1 1 1 1 1 1 1 1 1 1 1 1 1 
1 1 1 1 1 1 1 1 1 1 1 1 1 1 1 1 1 1 1 1 1 1 1 1 1 1 1 1 1 
1 1 1 1 1 1 1 1 1 1 1 1 1 1 1 1 1 1 1 1 1 1 1 1 1 1 1 1 1 
1 1 1 1 1 1 1 1 1 1 1 1 1 1 1 1 1 1 1 1 1 1 1 1 1 1 1 1 1 
1 1 1 1 1 1 1 1 1 1 1 1 1 1 1 1 1 1 1 1 1 1 1 1 1 1 1 1 1 
1 1 1 1 1 1 1 1 1 1 1 1 1 1 1 1 1 1 1 1 1 1 1 1 1 1 1 1 1 
1 1 1 1 1 1 1 1 1 1 1 1 1 1 1 1 1 1 1 1 1 1 1 1 1 1 1 1 1 
1 1 1 1 1 1 1 1 1 1 1 1 1 1 1 1 1 1 1 1 1 1 1 1 1 1 1 1 1 
1 1 1 1 1 1 1 1 1 1 1 1 1 1 1 1 1 1 1 1 1 1 1 1 1 1 1 1 1 
1 1 1 1 1 1 1 1 1 1 1 1 1 1 1 1 1 1 1 1 1 1 1 1 1 1 1 1 1 
1 1 1 1 1 1 1 1 1 1 1 1 1 1 1 1 1 1 1 1 1 1 1 1 1 1 1 1 1 
1 1 1 1 1 1 1 1 1 1 1 1 1 1 1 1 1 1 1 1 1 1 1 1 1 1 1 1 1 
1 1 1 1 1 1 1 1 1 1 1 1 1 1 1 1 1 1 1 1 1 1 1 1 1 1 1 1 1 
1 1 1 1 1 1 1 1 1 1 1 1 1 1 1 1 1 1 1 1 1 1 1 1 1 1 1 1 1 
1 1 1 1 1 1 1 1 1 1 1 1 1 1 1 1 1 1 1 1 1 1 1 1 1 1 1 1 1 
1 1 1 1 1 1 1 1 1 1 1 1 1 1 1 1 1 1 1 1 1 1 1 1 1 1 1 1 1 
1 1 1 1 1 1 1 1 1 1 1 1 1 1 1 1 1 1 1 1 1 1 1 1 1 1 1 1 1 
1 1 1 1 1 1 1 1 1 1 1 1 1 1 1 1 1 1 1 1 1 1 1 1 1 1 1 1 1 
1 1 1 1 1 1 1 1 1 1 1 1 1 1 1 1 1 1 1 1 1 1 1 1 1 1 1 1 1 
1 1 1 1 1 1 1 1 1 1 1 1 1 1 1 1 1 1 1 1 1 1 1 1 1 1 1 1 1 
1 1 1 1 1 1 1 1 1 1 1 1 1 1 1 1 1 1 1 1 1 1 1 1 1 1 1 1 1 
1 1 1 1 1 1 1 1 1 1 1 1 1 1 1 1 1 1 1 1 1 1 1 1 1 1 1 1 1 
1 1 1 1 1 1 1 1 1 1 1 1 1 1 1 1 1 1 1 1 1 1 1 1 1 1 1 1 1 
1 1 1 1 1 1 1 1 1 1 1 1 1 1 1 1 1 1 1 1 1 1 1 1 1 1 1 1 1 
1 1 1 1 1 1 1 1 1 1 1 1 1 1 1 1 1 1 1 1 1 1 1 1 1 1 1 1 1 
1 1 1 1 1 1 1 1 1 1 1 1 1 1 1 1 1 1 1 1 1 1 1 1 1 1 1 1 1 
1 1 1 1 1 1 1 1 1 1 1 1 1 1 1 1 1 1 1 1 1 1 1 1 1 1 1 1 1 
1 1 1 1 1 1 1 1 1 1 1 1 1 1 1 1 1 1 1 1 1 1 1 1 1 1 1 1 1 
1 1 1 1 1 1 1 1 1 1 1 1 1 1 1 1 1 1 1 1 1 1 1 1 1 1 1 1 1 
1 1 1 1 1 1 1 1 1 1 1 1 1 1 1 1 1 1 1 1 1 1 1 1 1 1 1 1 1 
1 1 1 1 1 1 1 1 1 1 1 1 1 1 1 1 1 1 1 1 1 1 1 1 1 1 1 1 1 
1 1 1 1 1 1 1 1 1 1 1 1 1 1 1 1 1 1 1 1 1 1 1 1 1 1 1 1 1 
1 1 1 1 1 1 1 1 1 1 1 1 1 1 1 1 1 1 1 1 1 1 1 1 1 1 1 1 1 
1 1 1 1 1 1 1 1 1 1 1 1 1 1 1 1 1 1 1 1 1 1 1 1 1 1 1 1 1 
1 1 1 1 1 1 1 1 1 1 1 1 1 1 1 1 1 1 1 1 1 1 1 1 1 1 1 1 1 
1 1 1 1 1 1 1 1 1 1 1 1 1 1 1 1 1 1 1 1 1 1 1 1 1 1 1 1 1 
1 1 1 1 1 1 1 1 1 1 1 1 1 1 1 1 1 1 1 1 1 1 1 1 1 1 1 1 1 
1 1 1 1 1 1 1 1 1 1 1 1 1 1 1 1 1 1 1 1 1 1 1 1 1 1 1 1 1 
1 1 1 1 1 1 1 1 1 1 1 1 1 1 1 1 1 1 1 1 1 1 1 1 1 1 1 1 1 
1 1 1 1 1 1 1 1 1 1 1 1 1 1 1 1 1 1 1 1 1 1 1 1 1 1 1 1 1 
1 1 1 1 1 1 1 1 1 1 1 1 1 1 1 1 1 1 1 1 1 1 1 1 1 1 1 1 1 
1 1 1 1 1 1 1 1 1 1 1 1 1 1 1 1 1 1 1 1 1 1 1 1 1 1 1 1 1 
1 1 1 1 1 1 1 1 1 1 1 1 1 1 1 1 1 1 1 1 1 1 1 1 1 1 1 1 1 
1 1 1 1 1 1 1 1 1 1 1 1 1 1 1 1 1 1 1 1 1 1 1 1 1 1 1 1 1 
1 1 1 1 1 1 1 1 1 1 1 1 1 1 1 1 1 1 1 1 1 1 1 1 1 1 1 1 1 
1 1 1 1 1 1 1 1 1 1 1 1 1 1 1 1 1 1 1 1 1 1 1 1 1 1 1 1 1 
1 1 1 1 1 1 1 1 1 1 1 1 1 1 1 1 1 1 1 1 1 1 1 1 1 1 1 1 1 
1 1 1 1 1 1 1 1 1 1 1 1 1 1 1 1 1 1 1 1 1 1 1 1 1 1 1 1 1 
1 1 1 1 1 1 1 1 1 1 1 1 1 1 1 1 1 1 1 1 1 1 1 1 1 1 1 1 1 
1 1 1 1 1 1 1 1 1 1 1 1 1 1 1 1 1 1 1 1 1 1 1 1 1 1 1 1 1 
1 1 1 1 1 1 1 1 1 1 1 1 1 1 1 1 1 1 1 1 1 1 1 1 1 1 1 1 1 
1 1 1 1 1 1 1 1 1 1 1 1 1 1 1 1 1 1 1 1 1 1 1 1 1 1 1 1 1 

14 
0 1 1 1 1 1 1 1 1 1 1 1 1 1 1 1 1 1 1 1 1 1 1 1 1 1 1 1 1 1 1 1 1 1 1 1 1 1 1 1 1 1 1 1 1 1 1 1 1 1 1 1 1 1 1 1 1 1 1 1 1 1 1 1 1 1 1 1 1 1 
0 0 0 0 0 1 1 1 1 1 1 1 1 1 1 1 1 1 1 1 1 1 1 1 1 1 1 1 1 1 1 1 1 1 1 1 1 1 1 1 1 1 1 1 1 1 1 1 1 1 1 1 1 1 1 1 1 1 1 1 1 1 1 1 1 1 1 1 1 1 
0 0 0 0 0 1 1 1 1 1 1 1 1 1 1 1 1 1 1 1 1 1 1 1 1 1 1 1 1 1 1 1 1 1 1 1 1 1 1 1 1 1 1 1 1 1 1 1 1 1 1 1 1 1 1 1 1 1 1 1 1 1 1 1 1 1 1 1 1 1 
0 0 0 0 0 1 1 1 1 1 1 1 1 1 1 1 1 1 1 1 1 1 1 1 1 1 1 1 1 1 1 1 1 1 1 1 1 1 1 1 1 1 1 1 1 1 1 1 1 1 1 1 1 1 1 1 1 1 1 1 1 1 1 1 1 1 1 1 1 1 
0 0 0 0 0 1 1 1 1 1 1 1 1 1 1 1 1 1 1 1 1 1 1 1 1 1 1 1 1 1 1 1 1 1 1 1 1 1 1 1 1 1 1 1 1 1 1 1 1 1 1 1 1 1 1 1 1 1 1 1 1 1 1 1 1 1 1 1 1 1 
0 1 1 1 1 0 0 0 0 0 1 1 1 1 1 1 1 1 1 1 1 1 1 1 1 1 1 1 1 1 1 1 1 1 1 1 1 1 1 1 1 1 1 1 1 1 1 1 1 1 1 1 1 1 1 1 1 1 1 1 1 1 1 1 1 1 1 1 1 1 
0 1 1 1 1 0 0 0 0 0 1 1 1 1 1 1 1 1 1 1 1 1 1 1 1 1 1 1 1 1 1 1 1 1 1 1 1 1 1 1 1 1 1 1 1 1 1 1 1 1 1 1 1 1 1 1 1 1 1 1 1 1 1 1 1 1 1 1 1 1 
0 1 1 1 1 0 0 0 0 0 1 1 1 1 1 1 1 1 1 1 1 1 1 1 1 1 1 1 1 1 1 1 1 1 1 1 1 1 1 1 1 1 1 1 1 1 1 1 1 1 1 1 1 1 1 1 1 1 1 1 1 1 1 1 1 1 1 1 1 1 
0 1 1 1 1 0 0 0 0 0 1 1 1 1 1 1 1 1 1 1 1 1 1 1 1 1 1 1 1 1 1 1 1 1 1 1 1 1 1 1 1 1 1 1 1 1 1 1 1 1 1 1 1 1 1 1 1 1 1 1 1 1 1 1 1 1 1 1 1 1 
0 1 1 1 1 0 0 0 0 0 1 1 1 1 1 1 1 1 1 1 1 1 1 1 1 1 1 1 1 1 1 1 1 1 1 1 1 1 1 1 1 1 1 1 1 1 1 1 1 1 1 1 1 1 1 1 1 1 1 1 1 1 1 1 1 1 1 1 1 1 
0 1 1 1 1 1 1 1 1 1 0 0 0 0 0 1 1 1 1 1 1 1 1 1 1 1 1 1 1 1 1 1 1 1 1 1 1 1 1 1 1 1 1 1 1 1 1 1 1 1 1 1 1 1 1 1 1 1 1 1 1 1 1 1 1 1 1 1 1 1 
0 1 1 1 1 1 1 1 1 1 0 0 0 0 0 1 1 1 1 1 1 1 1 1 1 1 1 1 1 1 1 1 1 1 1 1 1 1 1 1 1 1 1 1 1 1 1 1 1 1 1 1 1 1 1 1 1 1 1 1 1 1 1 1 1 1 1 1 1 1 
0 1 1 1 1 1 1 1 1 1 0 0 0 0 0 1 1 1 1 1 1 1 1 1 1 1 1 1 1 1 1 1 1 1 1 1 1 1 1 1 1 1 1 1 1 1 1 1 1 1 1 1 1 1 1 1 1 1 1 1 1 1 1 1 1 1 1 1 1 1 
0 1 1 1 1 1 1 1 1 1 0 0 0 0 0 1 1 1 1 1 1 1 1 1 1 1 1 1 1 1 1 1 1 1 1 1 1 1 1 1 1 1 1 1 1 1 1 1 1 1 1 1 1 1 1 1 1 1 1 1 1 1 1 1 1 1 1 1 1 1 
0 1 1 1 1 1 1 1 1 1 0 0 0 0 0 1 1 1 1 1 1 1 1 1 1 1 1 1 1 1 1 1 1 1 1 1 1 1 1 1 1 1 1 1 1 1 1 1 1 1 1 1 1 1 1 1 1 1 1 1 1 1 1 1 1 1 1 1 1 1 
0 1 1 1 1 1 1 1 1 1 1 1 1 1 1 0 0 0 0 0 0 1 1 1 1 1 1 1 1 1 1 1 1 1 1 1 1 1 1 1 1 1 1 1 1 1 1 1 1 1 1 1 1 1 1 1 1 1 1 1 1 1 1 1 1 1 1 1 1 1 
0 1 1 1 1 1 1 1 1 1 1 1 1 1 1 0 0 0 0 0 0 1 1 1 1 1 1 1 1 1 1 1 1 1 1 1 1 1 1 1 1 1 1 1 1 1 1 1 1 1 1 1 1 1 1 1 1 1 1 1 1 1 1 1 1 1 1 1 1 1 
0 1 1 1 1 1 1 1 1 1 1 1 1 1 1 0 0 0 0 0 0 1 1 1 1 1 1 1 1 1 1 1 1 1 1 1 1 1 1 1 1 1 1 1 1 1 1 1 1 1 1 1 1 1 1 1 1 1 1 1 1 1 1 1 1 1 1 1 1 1 
0 1 1 1 1 1 1 1 1 1 1 1 1 1 1 0 0 0 0 0 0 1 1 1 1 1 1 1 1 1 1 1 1 1 1 1 1 1 1 1 1 1 1 1 1 1 1 1 1 1 1 1 1 1 1 1 1 1 1 1 1 1 1 1 1 1 1 1 1 1 
0 1 1 1 1 1 1 1 1 1 1 1 1 1 1 0 0 0 0 0 0 1 1 1 1 1 1 1 1 1 1 1 1 1 1 1 1 1 1 1 1 1 1 1 1 1 1 1 1 1 1 1 1 1 1 1 1 1 1 1 1 1 1 1 1 1 1 1 1 1 
0 1 1 1 1 1 1 1 1 1 1 1 1 1 1 0 0 0 0 0 0 1 1 1 1 1 1 1 1 1 1 1 1 1 1 1 1 1 1 1 1 1 1 1 1 1 1 1 1 1 1 1 1 1 1 1 1 1 1 1 1 1 1 1 1 1 1 1 1 1 
0 1 1 1 1 1 1 1 1 1 1 1 1 1 1 1 1 1 1 1 1 0 0 0 0 0 1 1 1 1 1 1 1 1 1 1 1 1 1 1 1 1 1 1 1 1 1 1 1 1 1 1 1 1 1 1 1 1 1 1 1 1 1 1 1 1 1 1 1 1 
0 1 1 1 1 1 1 1 1 1 1 1 1 1 1 1 1 1 1 1 1 0 0 0 0 0 1 1 1 1 1 1 1 1 1 1 1 1 1 1 1 1 1 1 1 1 1 1 1 1 1 1 1 1 1 1 1 1 1 1 1 1 1 1 1 1 1 1 1 1 
0 1 1 1 1 1 1 1 1 1 1 1 1 1 1 1 1 1 1 1 1 0 0 0 0 0 1 1 1 1 1 1 1 1 1 1 1 1 1 1 1 1 1 1 1 1 1 1 1 1 1 1 1 1 1 1 1 1 1 1 1 1 1 1 1 1 1 1 1 1 
0 1 1 1 1 1 1 1 1 1 1 1 1 1 1 1 1 1 1 1 1 0 0 0 0 0 1 1 1 1 1 1 1 1 1 1 1 1 1 1 1 1 1 1 1 1 1 1 1 1 1 1 1 1 1 1 1 1 1 1 1 1 1 1 1 1 1 1 1 1 
0 1 1 1 1 1 1 1 1 1 1 1 1 1 1 1 1 1 1 1 1 0 0 0 0 0 1 1 1 1 1 1 1 1 1 1 1 1 1 1 1 1 1 1 1 1 1 1 1 1 1 1 1 1 1 1 1 1 1 1 1 1 1 1 1 1 1 1 1 1 
0 1 1 1 1 1 1 1 1 1 1 1 1 1 1 1 1 1 1 1 1 1 1 1 1 1 0 0 0 0 0 0 1 1 1 1 1 1 1 1 1 1 1 1 1 1 1 1 1 1 1 1 1 1 1 1 1 1 1 1 1 1 1 1 1 1 1 1 1 1 
0 1 1 1 1 1 1 1 1 1 1 1 1 1 1 1 1 1 1 1 1 1 1 1 1 1 0 0 0 0 0 0 1 1 1 1 1 1 1 1 1 1 1 1 1 1 1 1 1 1 1 1 1 1 1 1 1 1 1 1 1 1 1 1 1 1 1 1 1 1 
0 1 1 1 1 1 1 1 1 1 1 1 1 1 1 1 1 1 1 1 1 1 1 1 1 1 0 0 0 0 0 0 1 1 1 1 1 1 1 1 1 1 1 1 1 1 1 1 1 1 1 1 1 1 1 1 1 1 1 1 1 1 1 1 1 1 1 1 1 1 
0 1 1 1 1 1 1 1 1 1 1 1 1 1 1 1 1 1 1 1 1 1 1 1 1 1 0 0 0 0 0 0 1 1 1 1 1 1 1 1 1 1 1 1 1 1 1 1 1 1 1 1 1 1 1 1 1 1 1 1 1 1 1 1 1 1 1 1 1 1 
0 1 1 1 1 1 1 1 1 1 1 1 1 1 1 1 1 1 1 1 1 1 1 1 1 1 0 0 0 0 0 0 1 1 1 1 1 1 1 1 1 1 1 1 1 1 1 1 1 1 1 1 1 1 1 1 1 1 1 1 1 1 1 1 1 1 1 1 1 1 
0 1 1 1 1 1 1 1 1 1 1 1 1 1 1 1 1 1 1 1 1 1 1 1 1 1 0 0 0 0 0 0 1 1 1 1 1 1 1 1 1 1 1 1 1 1 1 1 1 1 1 1 1 1 1 1 1 1 1 1 1 1 1 1 1 1 1 1 1 1 
0 1 1 1 1 1 1 1 1 1 1 1 1 1 1 1 1 1 1 1 1 1 1 1 1 1 1 1 1 1 1 1 0 0 0 0 0 1 1 1 1 1 1 1 1 1 1 1 1 1 1 1 1 1 1 1 1 1 1 1 1 1 1 1 1 1 1 1 1 1 
0 1 1 1 1 1 1 1 1 1 1 1 1 1 1 1 1 1 1 1 1 1 1 1 1 1 1 1 1 1 1 1 0 0 0 0 0 1 1 1 1 1 1 1 1 1 1 1 1 1 1 1 1 1 1 1 1 1 1 1 1 1 1 1 1 1 1 1 1 1 
0 1 1 1 1 1 1 1 1 1 1 1 1 1 1 1 1 1 1 1 1 1 1 1 1 1 1 1 1 1 1 1 0 0 0 0 0 1 1 1 1 1 1 1 1 1 1 1 1 1 1 1 1 1 1 1 1 1 1 1 1 1 1 1 1 1 1 1 1 1 
0 1 1 1 1 1 1 1 1 1 1 1 1 1 1 1 1 1 1 1 1 1 1 1 1 1 1 1 1 1 1 1 0 0 0 0 0 1 1 1 1 1 1 1 1 1 1 1 1 1 1 1 1 1 1 1 1 1 1 1 1 1 1 1 1 1 1 1 1 1 
0 1 1 1 1 1 1 1 1 1 1 1 1 1 1 1 1 1 1 1 1 1 1 1 1 1 1 1 1 1 1 1 0 0 0 0 0 1 1 1 1 1 1 1 1 1 1 1 1 1 1 1 1 1 1 1 1 1 1 1 1 1 1 1 1 1 1 1 1 1 
0 1 1 1 1 1 1 1 1 1 1 1 1 1 1 1 1 1 1 1 1 1 1 1 1 1 1 1 1 1 1 1 1 1 1 1 1 0 0 0 1 1 1 1 1 1 1 1 1 1 1 1 1 1 1 1 1 1 1 1 1 1 1 1 1 1 1 1 1 1 
0 1 1 1 1 1 1 1 1 1 1 1 1 1 1 1 1 1 1 1 1 1 1 1 1 1 1 1 1 1 1 1 1 1 1 1 1 0 0 0 1 1 1 1 1 1 1 1 1 1 1 1 1 1 1 1 1 1 1 1 1 1 1 1 1 1 1 1 1 1 
0 1 1 1 1 1 1 1 1 1 1 1 1 1 1 1 1 1 1 1 1 1 1 1 1 1 1 1 1 1 1 1 1 1 1 1 1 0 0 0 1 1 1 1 1 1 1 1 1 1 1 1 1 1 1 1 1 1 1 1 1 1 1 1 1 1 1 1 1 1 
0 1 1 1 1 1 1 1 1 1 1 1 1 1 1 1 1 1 1 1 1 1 1 1 1 1 1 1 1 1 1 1 1 1 1 1 1 1 1 1 0 0 0 0 1 1 1 1 1 1 1 1 1 1 1 1 1 1 1 1 1 1 1 1 1 1 1 1 1 1 
0 1 1 1 1 1 1 1 1 1 1 1 1 1 1 1 1 1 1 1 1 1 1 1 1 1 1 1 1 1 1 1 1 1 1 1 1 1 1 1 0 0 0 0 1 1 1 1 1 1 1 1 1 1 1 1 1 1 1 1 1 1 1 1 1 1 1 1 1 1 
0 1 1 1 1 1 1 1 1 1 1 1 1 1 1 1 1 1 1 1 1 1 1 1 1 1 1 1 1 1 1 1 1 1 1 1 1 1 1 1 0 0 0 0 1 1 1 1 1 1 1 1 1 1 1 1 1 1 1 1 1 1 1 1 1 1 1 1 1 1 
0 1 1 1 1 1 1 1 1 1 1 1 1 1 1 1 1 1 1 1 1 1 1 1 1 1 1 1 1 1 1 1 1 1 1 1 1 1 1 1 0 0 0 0 1 1 1 1 1 1 1 1 1 1 1 1 1 1 1 1 1 1 1 1 1 1 1 1 1 1 
0 1 1 1 1 1 1 1 1 1 1 1 1 1 1 1 1 1 1 1 1 1 1 1 1 1 1 1 1 1 1 1 1 1 1 1 1 1 1 1 1 1 1 1 0 0 0 0 0 1 1 1 1 1 1 1 1 1 1 1 1 1 1 1 1 1 1 1 1 1 
0 1 1 1 1 1 1 1 1 1 1 1 1 1 1 1 1 1 1 1 1 1 1 1 1 1 1 1 1 1 1 1 1 1 1 1 1 1 1 1 1 1 1 1 0 0 0 0 0 1 1 1 1 1 1 1 1 1 1 1 1 1 1 1 1 1 1 1 1 1 
0 1 1 1 1 1 1 1 1 1 1 1 1 1 1 1 1 1 1 1 1 1 1 1 1 1 1 1 1 1 1 1 1 1 1 1 1 1 1 1 1 1 1 1 0 0 0 0 0 1 1 1 1 1 1 1 1 1 1 1 1 1 1 1 1 1 1 1 1 1 
0 1 1 1 1 1 1 1 1 1 1 1 1 1 1 1 1 1 1 1 1 1 1 1 1 1 1 1 1 1 1 1 1 1 1 1 1 1 1 1 1 1 1 1 0 0 0 0 0 1 1 1 1 1 1 1 1 1 1 1 1 1 1 1 1 1 1 1 1 1 
0 1 1 1 1 1 1 1 1 1 1 1 1 1 1 1 1 1 1 1 1 1 1 1 1 1 1 1 1 1 1 1 1 1 1 1 1 1 1 1 1 1 1 1 0 0 0 0 0 1 1 1 1 1 1 1 1 1 1 1 1 1 1 1 1 1 1 1 1 1 
0 1 1 1 1 1 1 1 1 1 1 1 1 1 1 1 1 1 1 1 1 1 1 1 1 1 1 1 1 1 1 1 1 1 1 1 1 1 1 1 1 1 1 1 1 1 1 1 1 0 0 0 0 0 1 1 1 1 1 1 1 1 1 1 1 1 1 1 1 1 
0 1 1 1 1 1 1 1 1 1 1 1 1 1 1 1 1 1 1 1 1 1 1 1 1 1 1 1 1 1 1 1 1 1 1 1 1 1 1 1 1 1 1 1 1 1 1 1 1 0 0 0 0 0 1 1 1 1 1 1 1 1 1 1 1 1 1 1 1 1 
0 1 1 1 1 1 1 1 1 1 1 1 1 1 1 1 1 1 1 1 1 1 1 1 1 1 1 1 1 1 1 1 1 1 1 1 1 1 1 1 1 1 1 1 1 1 1 1 1 0 0 0 0 0 1 1 1 1 1 1 1 1 1 1 1 1 1 1 1 1 
0 1 1 1 1 1 1 1 1 1 1 1 1 1 1 1 1 1 1 1 1 1 1 1 1 1 1 1 1 1 1 1 1 1 1 1 1 1 1 1 1 1 1 1 1 1 1 1 1 0 0 0 0 0 1 1 1 1 1 1 1 1 1 1 1 1 1 1 1 1 
0 1 1 1 1 1 1 1 1 1 1 1 1 1 1 1 1 1 1 1 1 1 1 1 1 1 1 1 1 1 1 1 1 1 1 1 1 1 1 1 1 1 1 1 1 1 1 1 1 0 0 0 0 0 1 1 1 1 1 1 1 1 1 1 1 1 1 1 1 1 
0 1 1 1 1 1 1 1 1 1 1 1 1 1 1 1 1 1 1 1 1 1 1 1 1 1 1 1 1 1 1 1 1 1 1 1 1 1 1 1 1 1 1 1 1 1 1 1 1 1 1 1 1 1 0 0 0 0 0 0 1 1 1 1 1 1 1 1 1 1 
0 1 1 1 1 1 1 1 1 1 1 1 1 1 1 1 1 1 1 1 1 1 1 1 1 1 1 1 1 1 1 1 1 1 1 1 1 1 1 1 1 1 1 1 1 1 1 1 1 1 1 1 1 1 0 0 0 0 0 0 1 1 1 1 1 1 1 1 1 1 
0 1 1 1 1 1 1 1 1 1 1 1 1 1 1 1 1 1 1 1 1 1 1 1 1 1 1 1 1 1 1 1 1 1 1 1 1 1 1 1 1 1 1 1 1 1 1 1 1 1 1 1 1 1 0 0 0 0 0 0 1 1 1 1 1 1 1 1 1 1 
0 1 1 1 1 1 1 1 1 1 1 1 1 1 1 1 1 1 1 1 1 1 1 1 1 1 1 1 1 1 1 1 1 1 1 1 1 1 1 1 1 1 1 1 1 1 1 1 1 1 1 1 1 1 0 0 0 0 0 0 1 1 1 1 1 1 1 1 1 1 
0 1 1 1 1 1 1 1 1 1 1 1 1 1 1 1 1 1 1 1 1 1 1 1 1 1 1 1 1 1 1 1 1 1 1 1 1 1 1 1 1 1 1 1 1 1 1 1 1 1 1 1 1 1 0 0 0 0 0 0 1 1 1 1 1 1 1 1 1 1 
0 1 1 1 1 1 1 1 1 1 1 1 1 1 1 1 1 1 1 1 1 1 1 1 1 1 1 1 1 1 1 1 1 1 1 1 1 1 1 1 1 1 1 1 1 1 1 1 1 1 1 1 1 1 0 0 0 0 0 0 1 1 1 1 1 1 1 1 1 1 
0 1 1 1 1 1 1 1 1 1 1 1 1 1 1 1 1 1 1 1 1 1 1 1 1 1 1 1 1 1 1 1 1 1 1 1 1 1 1 1 1 1 1 1 1 1 1 1 1 1 1 1 1 1 1 1 1 1 1 1 0 0 0 0 0 0 0 1 1 1 
0 1 1 1 1 1 1 1 1 1 1 1 1 1 1 1 1 1 1 1 1 1 1 1 1 1 1 1 1 1 1 1 1 1 1 1 1 1 1 1 1 1 1 1 1 1 1 1 1 1 1 1 1 1 1 1 1 1 1 1 0 0 0 0 0 0 0 1 1 1 
0 1 1 1 1 1 1 1 1 1 1 1 1 1 1 1 1 1 1 1 1 1 1 1 1 1 1 1 1 1 1 1 1 1 1 1 1 1 1 1 1 1 1 1 1 1 1 1 1 1 1 1 1 1 1 1 1 1 1 1 0 0 0 0 0 0 0 1 1 1 
0 1 1 1 1 1 1 1 1 1 1 1 1 1 1 1 1 1 1 1 1 1 1 1 1 1 1 1 1 1 1 1 1 1 1 1 1 1 1 1 1 1 1 1 1 1 1 1 1 1 1 1 1 1 1 1 1 1 1 1 0 0 0 0 0 0 0 1 1 1 
0 1 1 1 1 1 1 1 1 1 1 1 1 1 1 1 1 1 1 1 1 1 1 1 1 1 1 1 1 1 1 1 1 1 1 1 1 1 1 1 1 1 1 1 1 1 1 1 1 1 1 1 1 1 1 1 1 1 1 1 0 0 0 0 0 0 0 1 1 1 
0 1 1 1 1 1 1 1 1 1 1 1 1 1 1 1 1 1 1 1 1 1 1 1 1 1 1 1 1 1 1 1 1 1 1 1 1 1 1 1 1 1 1 1 1 1 1 1 1 1 1 1 1 1 1 1 1 1 1 1 0 0 0 0 0 0 0 1 1 1 
0 1 1 1 1 1 1 1 1 1 1 1 1 1 1 1 1 1 1 1 1 1 1 1 1 1 1 1 1 1 1 1 1 1 1 1 1 1 1 1 1 1 1 1 1 1 1 1 1 1 1 1 1 1 1 1 1 1 1 1 0 0 0 0 0 0 0 1 1 1 
0 1 1 1 1 1 1 1 1 1 1 1 1 1 1 1 1 1 1 1 1 1 1 1 1 1 1 1 1 1 1 1 1 1 1 1 1 1 1 1 1 1 1 1 1 1 1 1 1 1 1 1 1 1 1 1 1 1 1 1 1 1 1 1 1 1 1 0 0 0 
0 1 1 1 1 1 1 1 1 1 1 1 1 1 1 1 1 1 1 1 1 1 1 1 1 1 1 1 1 1 1 1 1 1 1 1 1 1 1 1 1 1 1 1 1 1 1 1 1 1 1 1 1 1 1 1 1 1 1 1 1 1 1 1 1 1 1 0 0 0 
0 1 1 1 1 1 1 1 1 1 1 1 1 1 1 1 1 1 1 1 1 1 1 1 1 1 1 1 1 1 1 1 1 1 1 1 1 1 1 1 1 1 1 1 1 1 1 1 1 1 1 1 1 1 1 1 1 1 1 1 1 1 1 1 1 1 1 0 0 0 

0 1 1 1 1 1 1 1 1 1 1 1 1 1 1 1 1 1 1 1 1 1 1 1 1 1 1 1 1 1 1 1 1 1 1 1 1 1 1 1 1 1 1 1 1 1 1 1 1 1 1 1 1 1 1 1 1 1 1 1 1 1 1 1 1 1 1 1 1 1 
0 0 0 0 0 1 1 1 1 1 1 1 1 1 1 1 1 1 1 1 1 1 1 1 1 1 1 1 1 1 1 1 1 1 1 1 1 1 1 1 1 1 1 1 1 1 1 1 1 1 1 1 1 1 1 1 1 1 1 1 1 1 1 1 1 1 1 1 1 1 
0 0 0 0 0 1 1 1 1 1 1 1 1 1 1 1 1 1 1 1 1 1 1 1 1 1 1 1 1 1 1 1 1 1 1 1 1 1 1 1 1 1 1 1 1 1 1 1 1 1 1 1 1 1 1 1 1 1 1 1 1 1 1 1 1 1 1 1 1 1 
0 0 0 0 0 1 1 1 1 1 1 1 1 1 1 1 1 1 1 1 1 1 1 1 1 1 1 1 1 1 1 1 1 1 1 1 1 1 1 1 1 1 1 1 1 1 1 1 1 1 1 1 1 1 1 1 1 1 1 1 1 1 1 1 1 1 1 1 1 1 
0 0 0 0 0 1 1 1 1 1 1 1 1 1 1 1 1 1 1 1 1 1 1 1 1 1 1 1 1 1 1 1 1 1 1 1 1 1 1 1 1 1 1 1 1 1 1 1 1 1 1 1 1 1 1 1 1 1 1 1 1 1 1 1 1 1 1 1 1 1 
0 1 1 1 1 0 0 0 0 0 1 1 1 1 1 1 1 1 1 1 1 1 1 1 1 1 1 1 1 1 1 1 1 1 1 1 1 1 1 1 1 1 1 1 1 1 1 1 1 1 1 1 1 1 1 1 1 1 1 1 1 1 1 1 1 1 1 1 1 1 
0 1 1 1 1 0 0 0 0 0 1 1 1 1 1 1 1 1 1 1 1 1 1 1 1 1 1 1 1 1 1 1 1 1 1 1 1 1 1 1 1 1 1 1 1 1 1 1 1 1 1 1 1 1 1 1 1 1 1 1 1 1 1 1 1 1 1 1 1 1 
0 1 1 1 1 0 0 0 0 0 1 1 1 1 1 1 1 1 1 1 1 1 1 1 1 1 1 1 1 1 1 1 1 1 1 1 1 1 1 1 1 1 1 1 1 1 1 1 1 1 1 1 1 1 1 1 1 1 1 1 1 1 1 1 1 1 1 1 1 1 
0 1 1 1 1 0 0 0 0 0 1 1 1 1 1 1 1 1 1 1 1 1 1 1 1 1 1 1 1 1 1 1 1 1 1 1 1 1 1 1 1 1 1 1 1 1 1 1 1 1 1 1 1 1 1 1 1 1 1 1 1 1 1 1 1 1 1 1 1 1 
0 1 1 1 1 0 0 0 0 0 1 1 1 1 1 1 1 1 1 1 1 1 1 1 1 1 1 1 1 1 1 1 1 1 1 1 1 1 1 1 1 1 1 1 1 1 1 1 1 1 1 1 1 1 1 1 1 1 1 1 1 1 1 1 1 1 1 1 1 1 
0 1 1 1 1 1 1 1 1 1 0 0 0 0 0 1 1 1 1 1 1 1 1 1 1 1 1 1 1 1 1 1 1 1 1 1 1 1 1 1 1 1 1 1 1 1 1 1 1 1 1 1 1 1 1 1 1 1 1 1 1 1 1 1 1 1 1 1 1 1 
0 1 1 1 1 1 1 1 1 1 0 0 0 0 0 1 1 1 1 1 1 1 1 1 1 1 1 1 1 1 1 1 1 1 1 1 1 1 1 1 1 1 1 1 1 1 1 1 1 1 1 1 1 1 1 1 1 1 1 1 1 1 1 1 1 1 1 1 1 1 
0 1 1 1 1 1 1 1 1 1 0 0 0 0 0 1 1 1 1 1 1 1 1 1 1 1 1 1 1 1 1 1 1 1 1 1 1 1 1 1 1 1 1 1 1 1 1 1 1 1 1 1 1 1 1 1 1 1 1 1 1 1 1 1 1 1 1 1 1 1 
0 1 1 1 1 1 1 1 1 1 0 0 0 0 0 1 1 1 1 1 1 1 1 1 1 1 1 1 1 1 1 1 1 1 1 1 1 1 1 1 1 1 1 1 1 1 1 1 1 1 1 1 1 1 1 1 1 1 1 1 1 1 1 1 1 1 1 1 1 1 
0 1 1 1 1 1 1 1 1 1 0 0 0 0 0 1 1 1 1 1 1 1 1 1 1 1 1 1 1 1 1 1 1 1 1 1 1 1 1 1 1 1 1 1 1 1 1 1 1 1 1 1 1 1 1 1 1 1 1 1 1 1 1 1 1 1 1 1 1 1 
0 1 1 1 1 1 1 1 1 1 1 1 1 1 1 0 0 0 0 0 0 1 1 1 1 1 1 1 1 1 1 1 1 1 1 1 1 1 1 1 1 1 1 1 1 1 1 1 1 1 1 1 1 1 1 1 1 1 1 1 1 1 1 1 1 1 1 1 1 1 
0 1 1 1 1 1 1 1 1 1 1 1 1 1 1 0 0 0 0 0 0 1 1 1 1 1 1 1 1 1 1 1 1 1 1 1 1 1 1 1 1 1 1 1 1 1 1 1 1 1 1 1 1 1 1 1 1 1 1 1 1 1 1 1 1 1 1 1 1 1 
0 1 1 1 1 1 1 1 1 1 1 1 1 1 1 0 0 0 0 0 0 1 1 1 1 1 1 1 1 1 1 1 1 1 1 1 1 1 1 1 1 1 1 1 1 1 1 1 1 1 1 1 1 1 1 1 1 1 1 1 1 1 1 1 1 1 1 1 1 1 
0 1 1 1 1 1 1 1 1 1 1 1 1 1 1 0 0 0 0 0 0 1 1 1 1 1 1 1 1 1 1 1 1 1 1 1 1 1 1 1 1 1 1 1 1 1 1 1 1 1 1 1 1 1 1 1 1 1 1 1 1 1 1 1 1 1 1 1 1 1 
0 1 1 1 1 1 1 1 1 1 1 1 1 1 1 0 0 0 0 0 0 1 1 1 1 1 1 1 1 1 1 1 1 1 1 1 1 1 1 1 1 1 1 1 1 1 1 1 1 1 1 1 1 1 1 1 1 1 1 1 1 1 1 1 1 1 1 1 1 1 
0 1 1 1 1 1 1 1 1 1 1 1 1 1 1 0 0 0 0 0 0 1 1 1 1 1 1 1 1 1 1 1 1 1 1 1 1 1 1 1 1 1 1 1 1 1 1 1 1 1 1 1 1 1 1 1 1 1 1 1 1 1 1 1 1 1 1 1 1 1 
0 1 1 1 1 1 1 1 1 1 1 1 1 1 1 1 1 1 1 1 1 0 0 0 0 0 1 1 1 1 1 1 1 1 1 1 1 1 1 1 1 1 1 1 1 1 1 1 1 1 1 1 1 1 1 1 1 1 1 1 1 1 1 1 1 1 1 1 1 1 
0 1 1 1 1 1 1 1 1 1 1 1 1 1 1 1 1 1 1 1 1 0 0 0 0 0 1 1 1 1 1 1 1 1 1 1 1 1 1 1 1 1 1 1 1 1 1 1 1 1 1 1 1 1 1 1 1 1 1 1 1 1 1 1 1 1 1 1 1 1 
0 1 1 1 1 1 1 1 1 1 1 1 1 1 1 1 1 1 1 1 1 0 0 0 0 0 1 1 1 1 1 1 1 1 1 1 1 1 1 1 1 1 1 1 1 1 1 1 1 1 1 1 1 1 1 1 1 1 1 1 1 1 1 1 1 1 1 1 1 1 
0 1 1 1 1 1 1 1 1 1 1 1 1 1 1 1 1 1 1 1 1 0 0 0 0 0 1 1 1 1 1 1 1 1 1 1 1 1 1 1 1 1 1 1 1 1 1 1 1 1 1 1 1 1 1 1 1 1 1 1 1 1 1 1 1 1 1 1 1 1 
0 1 1 1 1 1 1 1 1 1 1 1 1 1 1 1 1 1 1 1 1 0 0 0 0 0 1 1 1 1 1 1 1 1 1 1 1 1 1 1 1 1 1 1 1 1 1 1 1 1 1 1 1 1 1 1 1 1 1 1 1 1 1 1 1 1 1 1 1 1 
0 1 1 1 1 1 1 1 1 1 1 1 1 1 1 1 1 1 1 1 1 1 1 1 1 1 0 0 0 0 0 0 1 1 1 1 1 1 1 1 1 1 1 1 1 1 1 1 1 1 1 1 1 1 1 1 1 1 1 1 1 1 1 1 1 1 1 1 1 1 
0 1 1 1 1 1 1 1 1 1 1 1 1 1 1 1 1 1 1 1 1 1 1 1 1 1 0 0 0 0 0 0 1 1 1 1 1 1 1 1 1 1 1 1 1 1 1 1 1 1 1 1 1 1 1 1 1 1 1 1 1 1 1 1 1 1 1 1 1 1 
0 1 1 1 1 1 1 1 1 1 1 1 1 1 1 1 1 1 1 1 1 1 1 1 1 1 0 0 0 0 0 0 1 1 1 1 1 1 1 1 1 1 1 1 1 1 1 1 1 1 1 1 1 1 1 1 1 1 1 1 1 1 1 1 1 1 1 1 1 1 
0 1 1 1 1 1 1 1 1 1 1 1 1 1 1 1 1 1 1 1 1 1 1 1 1 1 0 0 0 0 0 0 1 1 1 1 1 1 1 1 1 1 1 1 1 1 1 1 1 1 1 1 1 1 1 1 1 1 1 1 1 1 1 1 1 1 1 1 1 1 
0 1 1 1 1 1 1 1 1 1 1 1 1 1 1 1 1 1 1 1 1 1 1 1 1 1 0 0 0 0 0 0 1 1 1 1 1 1 1 1 1 1 1 1 1 1 1 1 1 1 1 1 1 1 1 1 1 1 1 1 1 1 1 1 1 1 1 1 1 1 
0 1 1 1 1 1 1 1 1 1 1 1 1 1 1 1 1 1 1 1 1 1 1 1 1 1 0 0 0 0 0 0 1 1 1 1 1 1 1 1 1 1 1 1 1 1 1 1 1 1 1 1 1 1 1 1 1 1 1 1 1 1 1 1 1 1 1 1 1 1 
0 1 1 1 1 1 1 1 1 1 1 1 1 1 1 1 1 1 1 1 1 1 1 1 1 1 1 1 1 1 1 1 0 0 0 0 0 1 1 1 1 1 1 1 1 1 1 1 1 1 1 1 1 1 1 1 1 1 1 1 1 1 1 1 1 1 1 1 1 1 
0 1 1 1 1 1 1 1 1 1 1 1 1 1 1 1 1 1 1 1 1 1 1 1 1 1 1 1 1 1 1 1 0 0 0 0 0 1 1 1 1 1 1 1 1 1 1 1 1 1 1 1 1 1 1 1 1 1 1 1 1 1 1 1 1 1 1 1 1 1 
0 1 1 1 1 1 1 1 1 1 1 1 1 1 1 1 1 1 1 1 1 1 1 1 1 1 1 1 1 1 1 1 0 0 0 0 0 1 1 1 1 1 1 1 1 1 1 1 1 1 1 1 1 1 1 1 1 1 1 1 1 1 1 1 1 1 1 1 1 1 
0 1 1 1 1 1 1 1 1 1 1 1 1 1 1 1 1 1 1 1 1 1 1 1 1 1 1 1 1 1 1 1 0 0 0 0 0 1 1 1 1 1 1 1 1 1 1 1 1 1 1 1 1 1 1 1 1 1 1 1 1 1 1 1 1 1 1 1 1 1 
0 1 1 1 1 1 1 1 1 1 1 1 1 1 1 1 1 1 1 1 1 1 1 1 1 1 1 1 1 1 1 1 0 0 0 0 0 1 1 1 1 1 1 1 1 1 1 1 1 1 1 1 1 1 1 1 1 1 1 1 1 1 1 1 1 1 1 1 1 1 
0 1 1 1 1 1 1 1 1 1 1 1 1 1 1 1 1 1 1 1 1 1 1 1 1 1 1 1 1 1 1 1 1 1 1 1 1 0 0 0 1 1 1 1 1 1 1 1 1 1 1 1 1 1 1 1 1 1 1 1 1 1 1 1 1 1 1 1 1 1 
0 1 1 1 1 1 1 1 1 1 1 1 1 1 1 1 1 1 1 1 1 1 1 1 1 1 1 1 1 1 1 1 1 1 1 1 1 0 0 0 1 1 1 1 1 1 1 1 1 1 1 1 1 1 1 1 1 1 1 1 1 1 1 1 1 1 1 1 1 1 
0 1 1 1 1 1 1 1 1 1 1 1 1 1 1 1 1 1 1 1 1 1 1 1 1 1 1 1 1 1 1 1 1 1 1 1 1 0 0 0 1 1 1 1 1 1 1 1 1 1 1 1 1 1 1 1 1 1 1 1 1 1 1 1 1 1 1 1 1 1 
0 1 1 1 1 1 1 1 1 1 1 1 1 1 1 1 1 1 1 1 1 1 1 1 1 1 1 1 1 1 1 1 1 1 1 1 1 1 1 1 0 0 0 0 1 1 1 1 1 1 1 1 1 1 1 1 1 1 1 1 1 1 1 1 1 1 1 1 1 1 
0 1 1 1 1 1 1 1 1 1 1 1 1 1 1 1 1 1 1 1 1 1 1 1 1 1 1 1 1 1 1 1 1 1 1 1 1 1 1 1 0 0 0 0 1 1 1 1 1 1 1 1 1 1 1 1 1 1 1 1 1 1 1 1 1 1 1 1 1 1 
0 1 1 1 1 1 1 1 1 1 1 1 1 1 1 1 1 1 1 1 1 1 1 1 1 1 1 1 1 1 1 1 1 1 1 1 1 1 1 1 0 0 0 0 1 1 1 1 1 1 1 1 1 1 1 1 1 1 1 1 1 1 1 1 1 1 1 1 1 1 
0 1 1 1 1 1 1 1 1 1 1 1 1 1 1 1 1 1 1 1 1 1 1 1 1 1 1 1 1 1 1 1 1 1 1 1 1 1 1 1 0 0 0 0 1 1 1 1 1 1 1 1 1 1 1 1 1 1 1 1 1 1 1 1 1 1 1 1 1 1 
0 1 1 1 1 1 1 1 1 1 1 1 1 1 1 1 1 1 1 1 1 1 1 1 1 1 1 1 1 1 1 1 1 1 1 1 1 1 1 1 1 1 1 1 0 0 0 0 0 1 1 1 1 1 1 1 1 1 1 1 1 1 1 1 1 1 1 1 1 1 
0 1 1 1 1 1 1 1 1 1 1 1 1 1 1 1 1 1 1 1 1 1 1 1 1 1 1 1 1 1 1 1 1 1 1 1 1 1 1 1 1 1 1 1 0 0 0 0 0 1 1 1 1 1 1 1 1 1 1 1 1 1 1 1 1 1 1 1 1 1 
0 1 1 1 1 1 1 1 1 1 1 1 1 1 1 1 1 1 1 1 1 1 1 1 1 1 1 1 1 1 1 1 1 1 1 1 1 1 1 1 1 1 1 1 0 0 0 0 0 1 1 1 1 1 1 1 1 1 1 1 1 1 1 1 1 1 1 1 1 1 
0 1 1 1 1 1 1 1 1 1 1 1 1 1 1 1 1 1 1 1 1 1 1 1 1 1 1 1 1 1 1 1 1 1 1 1 1 1 1 1 1 1 1 1 0 0 0 0 0 1 1 1 1 1 1 1 1 1 1 1 1 1 1 1 1 1 1 1 1 1 
0 1 1 1 1 1 1 1 1 1 1 1 1 1 1 1 1 1 1 1 1 1 1 1 1 1 1 1 1 1 1 1 1 1 1 1 1 1 1 1 1 1 1 1 0 0 0 0 0 1 1 1 1 1 1 1 1 1 1 1 1 1 1 1 1 1 1 1 1 1 
0 1 1 1 1 1 1 1 1 1 1 1 1 1 1 1 1 1 1 1 1 1 1 1 1 1 1 1 1 1 1 1 1 1 1 1 1 1 1 1 1 1 1 1 1 1 1 1 1 0 0 0 0 0 1 1 1 1 1 1 1 1 1 1 1 1 1 1 1 1 
0 1 1 1 1 1 1 1 1 1 1 1 1 1 1 1 1 1 1 1 1 1 1 1 1 1 1 1 1 1 1 1 1 1 1 1 1 1 1 1 1 1 1 1 1 1 1 1 1 0 0 0 0 0 1 1 1 1 1 1 1 1 1 1 1 1 1 1 1 1 
0 1 1 1 1 1 1 1 1 1 1 1 1 1 1 1 1 1 1 1 1 1 1 1 1 1 1 1 1 1 1 1 1 1 1 1 1 1 1 1 1 1 1 1 1 1 1 1 1 0 0 0 0 0 1 1 1 1 1 1 1 1 1 1 1 1 1 1 1 1 
0 1 1 1 1 1 1 1 1 1 1 1 1 1 1 1 1 1 1 1 1 1 1 1 1 1 1 1 1 1 1 1 1 1 1 1 1 1 1 1 1 1 1 1 1 1 1 1 1 0 0 0 0 0 1 1 1 1 1 1 1 1 1 1 1 1 1 1 1 1 
0 1 1 1 1 1 1 1 1 1 1 1 1 1 1 1 1 1 1 1 1 1 1 1 1 1 1 1 1 1 1 1 1 1 1 1 1 1 1 1 1 1 1 1 1 1 1 1 1 0 0 0 0 0 1 1 1 1 1 1 1 1 1 1 1 1 1 1 1 1 
0 1 1 1 1 1 1 1 1 1 1 1 1 1 1 1 1 1 1 1 1 1 1 1 1 1 1 1 1 1 1 1 1 1 1 1 1 1 1 1 1 1 1 1 1 1 1 1 1 1 1 1 1 1 0 0 0 0 0 0 1 1 1 1 1 1 1 1 1 1 
0 1 1 1 1 1 1 1 1 1 1 1 1 1 1 1 1 1 1 1 1 1 1 1 1 1 1 1 1 1 1 1 1 1 1 1 1 1 1 1 1 1 1 1 1 1 1 1 1 1 1 1 1 1 0 0 0 0 0 0 1 1 1 1 1 1 1 1 1 1 
0 1 1 1 1 1 1 1 1 1 1 1 1 1 1 1 1 1 1 1 1 1 1 1 1 1 1 1 1 1 1 1 1 1 1 1 1 1 1 1 1 1 1 1 1 1 1 1 1 1 1 1 1 1 0 0 0 0 0 0 1 1 1 1 1 1 1 1 1 1 
0 1 1 1 1 1 1 1 1 1 1 1 1 1 1 1 1 1 1 1 1 1 1 1 1 1 1 1 1 1 1 1 1 1 1 1 1 1 1 1 1 1 1 1 1 1 1 1 1 1 1 1 1 1 0 0 0 0 0 0 1 1 1 1 1 1 1 1 1 1 
0 1 1 1 1 1 1 1 1 1 1 1 1 1 1 1 1 1 1 1 1 1 1 1 1 1 1 1 1 1 1 1 1 1 1 1 1 1 1 1 1 1 1 1 1 1 1 1 1 1 1 1 1 1 0 0 0 0 0 0 1 1 1 1 1 1 1 1 1 1 
0 1 1 1 1 1 1 1 1 1 1 1 1 1 1 1 1 1 1 1 1 1 1 1 1 1 1 1 1 1 1 1 1 1 1 1 1 1 1 1 1 1 1 1 1 1 1 1 1 1 1 1 1 1 0 0 0 0 0 0 1 1 1 1 1 1 1 1 1 1 
0 1 1 1 1 1 1 1 1 1 1 1 1 1 1 1 1 1 1 1 1 1 1 1 1 1 1 1 1 1 1 1 1 1 1 1 1 1 1 1 1 1 1 1 1 1 1 1 1 1 1 1 1 1 1 1 1 1 1 1 0 0 0 0 0 0 0 1 1 1 
0 1 1 1 1 1 1 1 1 1 1 1 1 1 1 1 1 1 1 1 1 1 1 1 1 1 1 1 1 1 1 1 1 1 1 1 1 1 1 1 1 1 1 1 1 1 1 1 1 1 1 1 1 1 1 1 1 1 1 1 0 0 0 0 0 0 0 1 1 1 
0 1 1 1 1 1 1 1 1 1 1 1 1 1 1 1 1 1 1 1 1 1 1 1 1 1 1 1 1 1 1 1 1 1 1 1 1 1 1 1 1 1 1 1 1 1 1 1 1 1 1 1 1 1 1 1 1 1 1 1 0 0 0 0 0 0 0 1 1 1 
0 1 1 1 1 1 1 1 1 1 1 1 1 1 1 1 1 1 1 1 1 1 1 1 1 1 1 1 1 1 1 1 1 1 1 1 1 1 1 1 1 1 1 1 1 1 1 1 1 1 1 1 1 1 1 1 1 1 1 1 0 0 0 0 0 0 0 1 1 1 
0 1 1 1 1 1 1 1 1 1 1 1 1 1 1 1 1 1 1 1 1 1 1 1 1 1 1 1 1 1 1 1 1 1 1 1 1 1 1 1 1 1 1 1 1 1 1 1 1 1 1 1 1 1 1 1 1 1 1 1 0 0 0 0 0 0 0 1 1 1 
0 1 1 1 1 1 1 1 1 1 1 1 1 1 1 1 1 1 1 1 1 1 1 1 1 1 1 1 1 1 1 1 1 1 1 1 1 1 1 1 1 1 1 1 1 1 1 1 1 1 1 1 1 1 1 1 1 1 1 1 0 0 0 0 0 0 0 1 1 1 
0 1 1 1 1 1 1 1 1 1 1 1 1 1 1 1 1 1 1 1 1 1 1 1 1 1 1 1 1 1 1 1 1 1 1 1 1 1 1 1 1 1 1 1 1 1 1 1 1 1 1 1 1 1 1 1 1 1 1 1 0 0 0 0 0 0 0 1 1 1 
0 1 1 1 1 1 1 1 1 1 1 1 1 1 1 1 1 1 1 1 1 1 1 1 1 1 1 1 1 1 1 1 1 1 1 1 1 1 1 1 1 1 1 1 1 1 1 1 1 1 1 1 1 1 1 1 1 1 1 1 1 1 1 1 1 1 1 0 0 0 
0 1 1 1 1 1 1 1 1 1 1 1 1 1 1 1 1 1 1 1 1 1 1 1 1 1 1 1 1 1 1 1 1 1 1 1 1 1 1 1 1 1 1 1 1 1 1 1 1 1 1 1 1 1 1 1 1 1 1 1 1 1 1 1 1 1 1 0 0 0 
0 1 1 1 1 1 1 1 1 1 1 1 1 1 1 1 1 1 1 1 1 1 1 1 1 1 1 1 1 1 1 1 1 1 1 1 1 1 1 1 1 1 1 1 1 1 1 1 1 1 1 1 1 1 1 1 1 1 1 1 1 1 1 1 1 1 1 0 0 0 

12
14
