26 
12 

2 
2 
3 
2 
2 
2 
2 
2 
3 
2 
2 
2 

66 

22.7273 22.7273 24.1935 24.1935 29.4118 29.4118 29.4118 30.6122 30.6122 24.1935 24.1935 20 20 24.5902 24.5902 20.8333 20.8333 33.3333 33.3333 33.3333 31.25 31.25 26.7857 26.7857 27.2727 27.2727 
22.7273 22.7273 24.1935 24.1935 29.4118 29.4118 29.4118 30.6122 30.6122 24.1935 24.1935 20 20 24.5902 24.5902 20.8333 20.8333 33.3333 33.3333 33.3333 31.25 31.25 26.7857 26.7857 27.2727 27.2727 
22.7273 22.7273 24.1935 24.1935 29.4118 29.4118 29.4118 30.6122 30.6122 24.1935 24.1935 20 20 24.5902 24.5902 20.8333 20.8333 33.3333 33.3333 33.3333 31.25 31.25 26.7857 26.7857 27.2727 27.2727 
22.7273 22.7273 24.1935 24.1935 29.4118 29.4118 29.4118 30.6122 30.6122 24.1935 24.1935 20 20 24.5902 24.5902 20.8333 20.8333 33.3333 33.3333 33.3333 31.25 31.25 26.7857 26.7857 27.2727 27.2727 
22.7273 22.7273 24.1935 24.1935 29.4118 29.4118 29.4118 30.6122 30.6122 24.1935 24.1935 20 20 24.5902 24.5902 20.8333 20.8333 33.3333 33.3333 33.3333 31.25 31.25 26.7857 26.7857 27.2727 27.2727 
11.8182 11.8182 12.5806 12.5806 15.2941 15.2941 15.2941 15.9184 15.9184 12.5806 12.5806 10.4 10.4 12.7869 12.7869 10.8333 10.8333 17.3333 17.3333 17.3333 16.25 16.25 13.9286 13.9286 14.1818 14.1818 
22.7273 22.7273 24.1935 24.1935 29.4118 29.4118 29.4118 30.6122 30.6122 24.1935 24.1935 20 20 24.5902 24.5902 20.8333 20.8333 33.3333 33.3333 33.3333 31.25 31.25 26.7857 26.7857 27.2727 27.2727 
22.7273 22.7273 24.1935 24.1935 29.4118 29.4118 29.4118 30.6122 30.6122 24.1935 24.1935 20 20 24.5902 24.5902 20.8333 20.8333 33.3333 33.3333 33.3333 31.25 31.25 26.7857 26.7857 27.2727 27.2727 
22.7273 22.7273 24.1935 24.1935 29.4118 29.4118 29.4118 30.6122 30.6122 24.1935 24.1935 20 20 24.5902 24.5902 20.8333 20.8333 33.3333 33.3333 33.3333 31.25 31.25 26.7857 26.7857 27.2727 27.2727 
22.7273 22.7273 24.1935 24.1935 29.4118 29.4118 29.4118 30.6122 30.6122 24.1935 24.1935 20 20 24.5902 24.5902 20.8333 20.8333 33.3333 33.3333 33.3333 31.25 31.25 26.7857 26.7857 27.2727 27.2727 
22.7273 22.7273 24.1935 24.1935 29.4118 29.4118 29.4118 30.6122 30.6122 24.1935 24.1935 20 20 24.5902 24.5902 20.8333 20.8333 33.3333 33.3333 33.3333 31.25 31.25 26.7857 26.7857 27.2727 27.2727 
22.7273 22.7273 24.1935 24.1935 29.4118 29.4118 29.4118 30.6122 30.6122 24.1935 24.1935 20 20 24.5902 24.5902 20.8333 20.8333 33.3333 33.3333 33.3333 31.25 31.25 26.7857 26.7857 27.2727 27.2727 
13.6364 13.6364 14.5161 14.5161 17.6471 17.6471 17.6471 18.3673 18.3673 14.5161 14.5161 12 12 14.7541 14.7541 12.5 12.5 20 20 20 18.75 18.75 16.0714 16.0714 16.3636 16.3636 
22.7273 22.7273 24.1935 24.1935 29.4118 29.4118 29.4118 30.6122 30.6122 24.1935 24.1935 20 20 24.5902 24.5902 20.8333 20.8333 33.3333 33.3333 33.3333 31.25 31.25 26.7857 26.7857 27.2727 27.2727 
22.7273 22.7273 24.1935 24.1935 29.4118 29.4118 29.4118 30.6122 30.6122 24.1935 24.1935 20 20 24.5902 24.5902 20.8333 20.8333 33.3333 33.3333 33.3333 31.25 31.25 26.7857 26.7857 27.2727 27.2727 
20.9091 20.9091 22.2581 22.2581 27.0588 27.0588 27.0588 28.1633 28.1633 22.2581 22.2581 18.4 18.4 22.623 22.623 19.1667 19.1667 30.6667 30.6667 30.6667 28.75 28.75 24.6429 24.6429 25.0909 25.0909 
22.7273 22.7273 24.1935 24.1935 29.4118 29.4118 29.4118 30.6122 30.6122 24.1935 24.1935 20 20 24.5902 24.5902 20.8333 20.8333 33.3333 33.3333 33.3333 31.25 31.25 26.7857 26.7857 27.2727 27.2727 
22.7273 22.7273 24.1935 24.1935 29.4118 29.4118 29.4118 30.6122 30.6122 24.1935 24.1935 20 20 24.5902 24.5902 20.8333 20.8333 33.3333 33.3333 33.3333 31.25 31.25 26.7857 26.7857 27.2727 27.2727 
22.7273 22.7273 24.1935 24.1935 29.4118 29.4118 29.4118 30.6122 30.6122 24.1935 24.1935 20 20 24.5902 24.5902 20.8333 20.8333 33.3333 33.3333 33.3333 31.25 31.25 26.7857 26.7857 27.2727 27.2727 
19.0909 19.0909 20.3226 20.3226 24.7059 24.7059 24.7059 25.7143 25.7143 20.3226 20.3226 16.8 16.8 20.6557 20.6557 17.5 17.5 28 28 28 26.25 26.25 22.5 22.5 22.9091 22.9091 
22.7273 22.7273 24.1935 24.1935 29.4118 29.4118 29.4118 30.6122 30.6122 24.1935 24.1935 20 20 24.5902 24.5902 20.8333 20.8333 33.3333 33.3333 33.3333 31.25 31.25 26.7857 26.7857 27.2727 27.2727 
22.7273 22.7273 24.1935 24.1935 29.4118 29.4118 29.4118 30.6122 30.6122 24.1935 24.1935 20 20 24.5902 24.5902 20.8333 20.8333 33.3333 33.3333 33.3333 31.25 31.25 26.7857 26.7857 27.2727 27.2727 
22.7273 22.7273 24.1935 24.1935 29.4118 29.4118 29.4118 30.6122 30.6122 24.1935 24.1935 20 20 24.5902 24.5902 20.8333 20.8333 33.3333 33.3333 33.3333 31.25 31.25 26.7857 26.7857 27.2727 27.2727 
22.7273 22.7273 24.1935 24.1935 29.4118 29.4118 29.4118 30.6122 30.6122 24.1935 24.1935 20 20 24.5902 24.5902 20.8333 20.8333 33.3333 33.3333 33.3333 31.25 31.25 26.7857 26.7857 27.2727 27.2727 
20 20 21.2903 21.2903 25.8824 25.8824 25.8824 26.9388 26.9388 21.2903 21.2903 17.6 17.6 21.6393 21.6393 18.3333 18.3333 29.3333 29.3333 29.3333 27.5 27.5 23.5714 23.5714 24 24 
22.7273 22.7273 24.1935 24.1935 29.4118 29.4118 29.4118 30.6122 30.6122 24.1935 24.1935 20 20 24.5902 24.5902 20.8333 20.8333 33.3333 33.3333 33.3333 31.25 31.25 26.7857 26.7857 27.2727 27.2727 
22.7273 22.7273 24.1935 24.1935 29.4118 29.4118 29.4118 30.6122 30.6122 24.1935 24.1935 20 20 24.5902 24.5902 20.8333 20.8333 33.3333 33.3333 33.3333 31.25 31.25 26.7857 26.7857 27.2727 27.2727 
22.7273 22.7273 24.1935 24.1935 29.4118 29.4118 29.4118 30.6122 30.6122 24.1935 24.1935 20 20 24.5902 24.5902 20.8333 20.8333 33.3333 33.3333 33.3333 31.25 31.25 26.7857 26.7857 27.2727 27.2727 
22.7273 22.7273 24.1935 24.1935 29.4118 29.4118 29.4118 30.6122 30.6122 24.1935 24.1935 20 20 24.5902 24.5902 20.8333 20.8333 33.3333 33.3333 33.3333 31.25 31.25 26.7857 26.7857 27.2727 27.2727 
8.18182 8.18182 8.70968 8.70968 10.5882 10.5882 10.5882 11.0204 11.0204 8.70968 8.70968 7.2 7.2 8.85246 8.85246 7.5 7.5 12 12 12 11.25 11.25 9.64286 9.64286 9.81818 9.81818 
22.7273 22.7273 24.1935 24.1935 29.4118 29.4118 29.4118 30.6122 30.6122 24.1935 24.1935 20 20 24.5902 24.5902 20.8333 20.8333 33.3333 33.3333 33.3333 31.25 31.25 26.7857 26.7857 27.2727 27.2727 
22.7273 22.7273 24.1935 24.1935 29.4118 29.4118 29.4118 30.6122 30.6122 24.1935 24.1935 20 20 24.5902 24.5902 20.8333 20.8333 33.3333 33.3333 33.3333 31.25 31.25 26.7857 26.7857 27.2727 27.2727 
22.7273 22.7273 24.1935 24.1935 29.4118 29.4118 29.4118 30.6122 30.6122 24.1935 24.1935 20 20 24.5902 24.5902 20.8333 20.8333 33.3333 33.3333 33.3333 31.25 31.25 26.7857 26.7857 27.2727 27.2727 
22.7273 22.7273 24.1935 24.1935 29.4118 29.4118 29.4118 30.6122 30.6122 24.1935 24.1935 20 20 24.5902 24.5902 20.8333 20.8333 33.3333 33.3333 33.3333 31.25 31.25 26.7857 26.7857 27.2727 27.2727 
22.7273 22.7273 24.1935 24.1935 29.4118 29.4118 29.4118 30.6122 30.6122 24.1935 24.1935 20 20 24.5902 24.5902 20.8333 20.8333 33.3333 33.3333 33.3333 31.25 31.25 26.7857 26.7857 27.2727 27.2727 
14.5455 14.5455 15.4839 15.4839 18.8235 18.8235 18.8235 19.5918 19.5918 15.4839 15.4839 12.8 12.8 15.7377 15.7377 13.3333 13.3333 21.3333 21.3333 21.3333 20 20 17.1429 17.1429 17.4545 17.4545 
22.7273 22.7273 24.1935 24.1935 29.4118 29.4118 29.4118 30.6122 30.6122 24.1935 24.1935 20 20 24.5902 24.5902 20.8333 20.8333 33.3333 33.3333 33.3333 31.25 31.25 26.7857 26.7857 27.2727 27.2727 
22.7273 22.7273 24.1935 24.1935 29.4118 29.4118 29.4118 30.6122 30.6122 24.1935 24.1935 20 20 24.5902 24.5902 20.8333 20.8333 33.3333 33.3333 33.3333 31.25 31.25 26.7857 26.7857 27.2727 27.2727 
22.7273 22.7273 24.1935 24.1935 29.4118 29.4118 29.4118 30.6122 30.6122 24.1935 24.1935 20 20 24.5902 24.5902 20.8333 20.8333 33.3333 33.3333 33.3333 31.25 31.25 26.7857 26.7857 27.2727 27.2727 
22.7273 22.7273 24.1935 24.1935 29.4118 29.4118 29.4118 30.6122 30.6122 24.1935 24.1935 20 20 24.5902 24.5902 20.8333 20.8333 33.3333 33.3333 33.3333 31.25 31.25 26.7857 26.7857 27.2727 27.2727 
22.7273 22.7273 24.1935 24.1935 29.4118 29.4118 29.4118 30.6122 30.6122 24.1935 24.1935 20 20 24.5902 24.5902 20.8333 20.8333 33.3333 33.3333 33.3333 31.25 31.25 26.7857 26.7857 27.2727 27.2727 
1.81818 1.81818 1.93548 1.93548 2.35294 2.35294 2.35294 2.44898 2.44898 1.93548 1.93548 1.6 1.6 1.96721 1.96721 1.66667 1.66667 2.66667 2.66667 2.66667 2.5 2.5 2.14286 2.14286 2.18182 2.18182 
22.7273 22.7273 24.1935 24.1935 29.4118 29.4118 29.4118 30.6122 30.6122 24.1935 24.1935 20 20 24.5902 24.5902 20.8333 20.8333 33.3333 33.3333 33.3333 31.25 31.25 26.7857 26.7857 27.2727 27.2727 
22.7273 22.7273 24.1935 24.1935 29.4118 29.4118 29.4118 30.6122 30.6122 24.1935 24.1935 20 20 24.5902 24.5902 20.8333 20.8333 33.3333 33.3333 33.3333 31.25 31.25 26.7857 26.7857 27.2727 27.2727 
22.7273 22.7273 24.1935 24.1935 29.4118 29.4118 29.4118 30.6122 30.6122 24.1935 24.1935 20 20 24.5902 24.5902 20.8333 20.8333 33.3333 33.3333 33.3333 31.25 31.25 26.7857 26.7857 27.2727 27.2727 
22.7273 22.7273 24.1935 24.1935 29.4118 29.4118 29.4118 30.6122 30.6122 24.1935 24.1935 20 20 24.5902 24.5902 20.8333 20.8333 33.3333 33.3333 33.3333 31.25 31.25 26.7857 26.7857 27.2727 27.2727 
14.5455 14.5455 15.4839 15.4839 18.8235 18.8235 18.8235 19.5918 19.5918 15.4839 15.4839 12.8 12.8 15.7377 15.7377 13.3333 13.3333 21.3333 21.3333 21.3333 20 20 17.1429 17.1429 17.4545 17.4545 
22.7273 22.7273 24.1935 24.1935 29.4118 29.4118 29.4118 30.6122 30.6122 24.1935 24.1935 20 20 24.5902 24.5902 20.8333 20.8333 33.3333 33.3333 33.3333 31.25 31.25 26.7857 26.7857 27.2727 27.2727 
22.7273 22.7273 24.1935 24.1935 29.4118 29.4118 29.4118 30.6122 30.6122 24.1935 24.1935 20 20 24.5902 24.5902 20.8333 20.8333 33.3333 33.3333 33.3333 31.25 31.25 26.7857 26.7857 27.2727 27.2727 
22.7273 22.7273 24.1935 24.1935 29.4118 29.4118 29.4118 30.6122 30.6122 24.1935 24.1935 20 20 24.5902 24.5902 20.8333 20.8333 33.3333 33.3333 33.3333 31.25 31.25 26.7857 26.7857 27.2727 27.2727 
22.7273 22.7273 24.1935 24.1935 29.4118 29.4118 29.4118 30.6122 30.6122 24.1935 24.1935 20 20 24.5902 24.5902 20.8333 20.8333 33.3333 33.3333 33.3333 31.25 31.25 26.7857 26.7857 27.2727 27.2727 
2.72727 2.72727 2.90323 2.90323 3.52941 3.52941 3.52941 3.67347 3.67347 2.90323 2.90323 2.4 2.4 2.95082 2.95082 2.5 2.5 4 4 4 3.75 3.75 3.21429 3.21429 3.27273 3.27273 
22.7273 22.7273 24.1935 24.1935 29.4118 29.4118 29.4118 30.6122 30.6122 24.1935 24.1935 20 20 24.5902 24.5902 20.8333 20.8333 33.3333 33.3333 33.3333 31.25 31.25 26.7857 26.7857 27.2727 27.2727 
22.7273 22.7273 24.1935 24.1935 29.4118 29.4118 29.4118 30.6122 30.6122 24.1935 24.1935 20 20 24.5902 24.5902 20.8333 20.8333 33.3333 33.3333 33.3333 31.25 31.25 26.7857 26.7857 27.2727 27.2727 
22.7273 22.7273 24.1935 24.1935 29.4118 29.4118 29.4118 30.6122 30.6122 24.1935 24.1935 20 20 24.5902 24.5902 20.8333 20.8333 33.3333 33.3333 33.3333 31.25 31.25 26.7857 26.7857 27.2727 27.2727 
22.7273 22.7273 24.1935 24.1935 29.4118 29.4118 29.4118 30.6122 30.6122 24.1935 24.1935 20 20 24.5902 24.5902 20.8333 20.8333 33.3333 33.3333 33.3333 31.25 31.25 26.7857 26.7857 27.2727 27.2727 
22.7273 22.7273 24.1935 24.1935 29.4118 29.4118 29.4118 30.6122 30.6122 24.1935 24.1935 20 20 24.5902 24.5902 20.8333 20.8333 33.3333 33.3333 33.3333 31.25 31.25 26.7857 26.7857 27.2727 27.2727 
1.81818 1.81818 1.93548 1.93548 2.35294 2.35294 2.35294 2.44898 2.44898 1.93548 1.93548 1.6 1.6 1.96721 1.96721 1.66667 1.66667 2.66667 2.66667 2.66667 2.5 2.5 2.14286 2.14286 2.18182 2.18182 
22.7273 22.7273 24.1935 24.1935 29.4118 29.4118 29.4118 30.6122 30.6122 24.1935 24.1935 20 20 24.5902 24.5902 20.8333 20.8333 33.3333 33.3333 33.3333 31.25 31.25 26.7857 26.7857 27.2727 27.2727 
22.7273 22.7273 24.1935 24.1935 29.4118 29.4118 29.4118 30.6122 30.6122 24.1935 24.1935 20 20 24.5902 24.5902 20.8333 20.8333 33.3333 33.3333 33.3333 31.25 31.25 26.7857 26.7857 27.2727 27.2727 
22.7273 22.7273 24.1935 24.1935 29.4118 29.4118 29.4118 30.6122 30.6122 24.1935 24.1935 20 20 24.5902 24.5902 20.8333 20.8333 33.3333 33.3333 33.3333 31.25 31.25 26.7857 26.7857 27.2727 27.2727 
10.9091 10.9091 11.6129 11.6129 14.1176 14.1176 14.1176 14.6939 14.6939 11.6129 11.6129 9.6 9.6 11.8033 11.8033 10 10 16 16 16 15 15 12.8571 12.8571 13.0909 13.0909 
22.7273 22.7273 24.1935 24.1935 29.4118 29.4118 29.4118 30.6122 30.6122 24.1935 24.1935 20 20 24.5902 24.5902 20.8333 20.8333 33.3333 33.3333 33.3333 31.25 31.25 26.7857 26.7857 27.2727 27.2727 
22.7273 22.7273 24.1935 24.1935 29.4118 29.4118 29.4118 30.6122 30.6122 24.1935 24.1935 20 20 24.5902 24.5902 20.8333 20.8333 33.3333 33.3333 33.3333 31.25 31.25 26.7857 26.7857 27.2727 27.2727 
22.7273 22.7273 24.1935 24.1935 29.4118 29.4118 29.4118 30.6122 30.6122 24.1935 24.1935 20 20 24.5902 24.5902 20.8333 20.8333 33.3333 33.3333 33.3333 31.25 31.25 26.7857 26.7857 27.2727 27.2727 
17.2727 17.2727 18.3871 18.3871 22.3529 22.3529 22.3529 23.2653 23.2653 18.3871 18.3871 15.2 15.2 18.6885 18.6885 15.8333 15.8333 25.3333 25.3333 25.3333 23.75 23.75 20.3571 20.3571 20.7273 20.7273 

38 38 30 30 43 43 43 40 40 38 38 37 37 25 25 36 36 44 44 44 27 27 41 41 25 25 

1 1 1 1 1 1 1 1 1 1 1 1 1 1 1 1 1 1 1 1 1 1 1 1 1 1 
1 1 1 1 1 1 1 1 1 1 1 1 1 1 1 1 1 1 1 1 1 1 1 1 1 1 
1 1 1 1 1 1 1 1 1 1 1 1 1 1 1 1 1 1 1 1 1 1 1 1 1 1 
1 1 1 1 1 1 1 1 1 1 1 1 1 1 1 1 1 1 1 1 1 1 1 1 1 1 
1 1 1 1 1 1 1 1 1 1 1 1 1 1 1 1 1 1 1 1 1 1 1 1 1 1 
1 1 1 1 1 1 1 1 1 1 1 1 1 1 1 1 1 1 1 1 1 1 1 1 1 1 
1 1 1 1 1 1 1 1 1 1 1 1 1 1 1 1 1 1 1 1 1 1 1 1 1 1 
1 1 1 1 1 1 1 1 1 1 1 1 1 1 1 1 1 1 1 1 1 1 1 1 1 1 
1 1 1 1 1 1 1 1 1 1 1 1 1 1 1 1 1 1 1 1 1 1 1 1 1 1 
1 1 1 1 1 1 1 1 1 1 1 1 1 1 1 1 1 1 1 1 1 1 1 1 1 1 
1 1 1 1 1 1 1 1 1 1 1 1 1 1 1 1 1 1 1 1 1 1 1 1 1 1 
1 1 1 1 1 1 1 1 1 1 1 1 1 1 1 1 1 1 1 1 1 1 1 1 1 1 
1 1 1 1 1 1 1 1 1 1 1 1 1 1 1 1 1 1 1 1 1 1 1 1 1 1 
1 1 1 1 1 1 1 1 1 1 1 1 1 1 1 1 1 1 1 1 1 1 1 1 1 1 
1 1 1 1 1 1 1 1 1 1 1 1 1 1 1 1 1 1 1 1 1 1 1 1 1 1 
1 1 1 1 1 1 1 1 1 1 1 1 1 1 1 1 1 1 1 1 1 1 1 1 1 1 
1 1 1 1 1 1 1 1 1 1 1 1 1 1 1 1 1 1 1 1 1 1 1 1 1 1 
1 1 1 1 1 1 1 1 1 1 1 1 1 1 1 1 1 1 1 1 1 1 1 1 1 1 
1 1 1 1 1 1 1 1 1 1 1 1 1 1 1 1 1 1 1 1 1 1 1 1 1 1 
1 1 1 1 1 1 1 1 1 1 1 1 1 1 1 1 1 1 1 1 1 1 1 1 1 1 
1 1 1 1 1 1 1 1 1 1 1 1 1 1 1 1 1 1 1 1 1 1 1 1 1 1 
1 1 1 1 1 1 1 1 1 1 1 1 1 1 1 1 1 1 1 1 1 1 1 1 1 1 
1 1 1 1 1 1 1 1 1 1 1 1 1 1 1 1 1 1 1 1 1 1 1 1 1 1 
1 1 1 1 1 1 1 1 1 1 1 1 1 1 1 1 1 1 1 1 1 1 1 1 1 1 
1 1 1 1 1 1 1 1 1 1 1 1 1 1 1 1 1 1 1 1 1 1 1 1 1 1 
1 1 1 1 1 1 1 1 1 1 1 1 1 1 1 1 1 1 1 1 1 1 1 1 1 1 
1 1 1 1 1 1 1 1 1 1 1 1 1 1 1 1 1 1 1 1 1 1 1 1 1 1 
1 1 1 1 1 1 1 1 1 1 1 1 1 1 1 1 1 1 1 1 1 1 1 1 1 1 
1 1 1 1 1 1 1 1 1 1 1 1 1 1 1 1 1 1 1 1 1 1 1 1 1 1 
1 1 1 1 1 1 1 1 1 1 1 1 1 1 1 1 1 1 1 1 1 1 1 1 1 1 
1 1 1 1 1 1 1 1 1 1 1 1 1 1 1 1 1 1 1 1 1 1 1 1 1 1 
1 1 1 1 1 1 1 1 1 1 1 1 1 1 1 1 1 1 1 1 1 1 1 1 1 1 
1 1 1 1 1 1 1 1 1 1 1 1 1 1 1 1 1 1 1 1 1 1 1 1 1 1 
1 1 1 1 1 1 1 1 1 1 1 1 1 1 1 1 1 1 1 1 1 1 1 1 1 1 
1 1 1 1 1 1 1 1 1 1 1 1 1 1 1 1 1 1 1 1 1 1 1 1 1 1 
1 1 1 1 1 1 1 1 1 1 1 1 1 1 1 1 1 1 1 1 1 1 1 1 1 1 
1 1 1 1 1 1 1 1 1 1 1 1 1 1 1 1 1 1 1 1 1 1 1 1 1 1 
1 1 1 1 1 1 1 1 1 1 1 1 1 1 1 1 1 1 1 1 1 1 1 1 1 1 
1 1 1 1 1 1 1 1 1 1 1 1 1 1 1 1 1 1 1 1 1 1 1 1 1 1 
1 1 1 1 1 1 1 1 1 1 1 1 1 1 1 1 1 1 1 1 1 1 1 1 1 1 
1 1 1 1 1 1 1 1 1 1 1 1 1 1 1 1 1 1 1 1 1 1 1 1 1 1 
1 1 1 1 1 1 1 1 1 1 1 1 1 1 1 1 1 1 1 1 1 1 1 1 1 1 
1 1 1 1 1 1 1 1 1 1 1 1 1 1 1 1 1 1 1 1 1 1 1 1 1 1 
1 1 1 1 1 1 1 1 1 1 1 1 1 1 1 1 1 1 1 1 1 1 1 1 1 1 
1 1 1 1 1 1 1 1 1 1 1 1 1 1 1 1 1 1 1 1 1 1 1 1 1 1 
1 1 1 1 1 1 1 1 1 1 1 1 1 1 1 1 1 1 1 1 1 1 1 1 1 1 
1 1 1 1 1 1 1 1 1 1 1 1 1 1 1 1 1 1 1 1 1 1 1 1 1 1 
1 1 1 1 1 1 1 1 1 1 1 1 1 1 1 1 1 1 1 1 1 1 1 1 1 1 
1 1 1 1 1 1 1 1 1 1 1 1 1 1 1 1 1 1 1 1 1 1 1 1 1 1 
1 1 1 1 1 1 1 1 1 1 1 1 1 1 1 1 1 1 1 1 1 1 1 1 1 1 
1 1 1 1 1 1 1 1 1 1 1 1 1 1 1 1 1 1 1 1 1 1 1 1 1 1 
1 1 1 1 1 1 1 1 1 1 1 1 1 1 1 1 1 1 1 1 1 1 1 1 1 1 
1 1 1 1 1 1 1 1 1 1 1 1 1 1 1 1 1 1 1 1 1 1 1 1 1 1 
1 1 1 1 1 1 1 1 1 1 1 1 1 1 1 1 1 1 1 1 1 1 1 1 1 1 
1 1 1 1 1 1 1 1 1 1 1 1 1 1 1 1 1 1 1 1 1 1 1 1 1 1 
1 1 1 1 1 1 1 1 1 1 1 1 1 1 1 1 1 1 1 1 1 1 1 1 1 1 
1 1 1 1 1 1 1 1 1 1 1 1 1 1 1 1 1 1 1 1 1 1 1 1 1 1 
1 1 1 1 1 1 1 1 1 1 1 1 1 1 1 1 1 1 1 1 1 1 1 1 1 1 
1 1 1 1 1 1 1 1 1 1 1 1 1 1 1 1 1 1 1 1 1 1 1 1 1 1 
1 1 1 1 1 1 1 1 1 1 1 1 1 1 1 1 1 1 1 1 1 1 1 1 1 1 
1 1 1 1 1 1 1 1 1 1 1 1 1 1 1 1 1 1 1 1 1 1 1 1 1 1 
1 1 1 1 1 1 1 1 1 1 1 1 1 1 1 1 1 1 1 1 1 1 1 1 1 1 
1 1 1 1 1 1 1 1 1 1 1 1 1 1 1 1 1 1 1 1 1 1 1 1 1 1 
1 1 1 1 1 1 1 1 1 1 1 1 1 1 1 1 1 1 1 1 1 1 1 1 1 1 
1 1 1 1 1 1 1 1 1 1 1 1 1 1 1 1 1 1 1 1 1 1 1 1 1 1 
1 1 1 1 1 1 1 1 1 1 1 1 1 1 1 1 1 1 1 1 1 1 1 1 1 1 

29 
14 

2 
2 
3 
2 
2 
2 
2 
1 
2 
3 
2 
2 
2 
2 

66 

78 78 71 71 78 78 78 78 78 71 71 71 71 88 88 68 75 75 75 75 75 100 100 78 78 62 62 78 78 
78 78 71 71 78 78 78 78 78 71 71 71 71 88 88 68 75 75 75 75 75 100 100 78 78 62 62 78 78 
78 78 71 71 78 78 78 78 78 71 71 71 71 88 88 68 75 75 75 75 75 100 100 78 78 62 62 78 78 
78 78 71 71 78 78 78 78 78 71 71 71 71 88 88 68 75 75 75 75 75 100 100 78 78 62 62 78 78 
78 78 71 71 78 78 78 78 78 71 71 71 71 88 88 68 75 75 75 75 75 100 100 78 78 62 62 78 78 
41 41 37 37 41 41 41 41 41 37 37 37 37 45 45 35 39 39 39 39 39 52 52 41 41 32 32 41 41 
78 78 71 71 78 78 78 78 78 71 71 71 71 88 88 68 75 75 75 75 75 100 100 78 78 62 62 78 78 
78 78 71 71 78 78 78 78 78 71 71 71 71 88 88 68 75 75 75 75 75 100 100 78 78 62 62 78 78 
78 78 71 71 78 78 78 78 78 71 71 71 71 88 88 68 75 75 75 75 75 100 100 78 78 62 62 78 78 
78 78 71 71 78 78 78 78 78 71 71 71 71 88 88 68 75 75 75 75 75 100 100 78 78 62 62 78 78 
78 78 71 71 78 78 78 78 78 71 71 71 71 88 88 68 75 75 75 75 75 100 100 78 78 62 62 78 78 
78 78 71 71 78 78 78 78 78 71 71 71 71 88 88 68 75 75 75 75 75 100 100 78 78 62 62 78 78 
47 47 42 42 47 47 47 47 47 42 42 42 42 52 52 40 45 45 45 45 45 60 60 47 47 37 37 47 47 
78 78 71 71 78 78 78 78 78 71 71 71 71 88 88 68 75 75 75 75 75 100 100 78 78 62 62 78 78 
78 78 71 71 78 78 78 78 78 71 71 71 71 88 88 68 75 75 75 75 75 100 100 78 78 62 62 78 78 
72 72 65 65 72 72 72 72 72 65 65 65 65 81 81 62 69 69 69 69 69 92 92 72 72 57 57 72 72 
78 78 71 71 78 78 78 78 78 71 71 71 71 88 88 68 75 75 75 75 75 100 100 78 78 62 62 78 78 
78 78 71 71 78 78 78 78 78 71 71 71 71 88 88 68 75 75 75 75 75 100 100 78 78 62 62 78 78 
78 78 71 71 78 78 78 78 78 71 71 71 71 88 88 68 75 75 75 75 75 100 100 78 78 62 62 78 78 
66 66 60 60 66 66 66 66 66 60 60 60 60 74 74 57 63 63 63 63 63 84 84 66 66 52 52 66 66 
78 78 71 71 78 78 78 78 78 71 71 71 71 88 88 68 75 75 75 75 75 100 100 78 78 62 62 78 78 
78 78 71 71 78 78 78 78 78 71 71 71 71 88 88 68 75 75 75 75 75 100 100 78 78 62 62 78 78 
78 78 71 71 78 78 78 78 78 71 71 71 71 88 88 68 75 75 75 75 75 100 100 78 78 62 62 78 78 
78 78 71 71 78 78 78 78 78 71 71 71 71 88 88 68 75 75 75 75 75 100 100 78 78 62 62 78 78 
69 69 62 62 69 69 69 69 69 62 62 62 62 77 77 60 66 66 66 66 66 88 88 69 69 55 55 69 69 
78 78 71 71 78 78 78 78 78 71 71 71 71 88 88 68 75 75 75 75 75 100 100 78 78 62 62 78 78 
78 78 71 71 78 78 78 78 78 71 71 71 71 88 88 68 75 75 75 75 75 100 100 78 78 62 62 78 78 
78 78 71 71 78 78 78 78 78 71 71 71 71 88 88 68 75 75 75 75 75 100 100 78 78 62 62 78 78 
78 78 71 71 78 78 78 78 78 71 71 71 71 88 88 68 75 75 75 75 75 100 100 78 78 62 62 78 78 
28 28 25 25 28 28 28 28 28 25 25 25 25 31 31 24 27 27 27 27 27 36 36 28 28 22 22 28 28 
78 78 71 71 78 78 78 78 78 71 71 71 71 88 88 68 75 75 75 75 75 100 100 78 78 62 62 78 78 
78 78 71 71 78 78 78 78 78 71 71 71 71 88 88 68 75 75 75 75 75 100 100 78 78 62 62 78 78 
78 78 71 71 78 78 78 78 78 71 71 71 71 88 88 68 75 75 75 75 75 100 100 78 78 62 62 78 78 
78 78 71 71 78 78 78 78 78 71 71 71 71 88 88 68 75 75 75 75 75 100 100 78 78 62 62 78 78 
78 78 71 71 78 78 78 78 78 71 71 71 71 88 88 68 75 75 75 75 75 100 100 78 78 62 62 78 78 
50 50 45 45 50 50 50 50 50 45 45 45 45 56 56 43 48 48 48 48 48 64 64 50 50 40 40 50 50 
78 78 71 71 78 78 78 78 78 71 71 71 71 88 88 68 75 75 75 75 75 100 100 78 78 62 62 78 78 
78 78 71 71 78 78 78 78 78 71 71 71 71 88 88 68 75 75 75 75 75 100 100 78 78 62 62 78 78 
78 78 71 71 78 78 78 78 78 71 71 71 71 88 88 68 75 75 75 75 75 100 100 78 78 62 62 78 78 
78 78 71 71 78 78 78 78 78 71 71 71 71 88 88 68 75 75 75 75 75 100 100 78 78 62 62 78 78 
78 78 71 71 78 78 78 78 78 71 71 71 71 88 88 68 75 75 75 75 75 100 100 78 78 62 62 78 78 
6 6 5 5 6 6 6 6 6 5 5 5 5 7 7 5 6 6 6 6 6 8 8 6 6 5 5 6 6 
78 78 71 71 78 78 78 78 78 71 71 71 71 88 88 68 75 75 75 75 75 100 100 78 78 62 62 78 78 
78 78 71 71 78 78 78 78 78 71 71 71 71 88 88 68 75 75 75 75 75 100 100 78 78 62 62 78 78 
78 78 71 71 78 78 78 78 78 71 71 71 71 88 88 68 75 75 75 75 75 100 100 78 78 62 62 78 78 
78 78 71 71 78 78 78 78 78 71 71 71 71 88 88 68 75 75 75 75 75 100 100 78 78 62 62 78 78 
50 50 45 45 50 50 50 50 50 45 45 45 45 56 56 43 48 48 48 48 48 64 64 50 50 40 40 50 50 
78 78 71 71 78 78 78 78 78 71 71 71 71 88 88 68 75 75 75 75 75 100 100 78 78 62 62 78 78 
78 78 71 71 78 78 78 78 78 71 71 71 71 88 88 68 75 75 75 75 75 100 100 78 78 62 62 78 78 
78 78 71 71 78 78 78 78 78 71 71 71 71 88 88 68 75 75 75 75 75 100 100 78 78 62 62 78 78 
78 78 71 71 78 78 78 78 78 71 71 71 71 88 88 68 75 75 75 75 75 100 100 78 78 62 62 78 78 
9 9 8 8 9 9 9 9 9 8 8 8 8 10 10 8 9 9 9 9 9 12 12 9 9 7 7 9 9 
78 78 71 71 78 78 78 78 78 71 71 71 71 88 88 68 75 75 75 75 75 100 100 78 78 62 62 78 78 
78 78 71 71 78 78 78 78 78 71 71 71 71 88 88 68 75 75 75 75 75 100 100 78 78 62 62 78 78 
78 78 71 71 78 78 78 78 78 71 71 71 71 88 88 68 75 75 75 75 75 100 100 78 78 62 62 78 78 
78 78 71 71 78 78 78 78 78 71 71 71 71 88 88 68 75 75 75 75 75 100 100 78 78 62 62 78 78 
78 78 71 71 78 78 78 78 78 71 71 71 71 88 88 68 75 75 75 75 75 100 100 78 78 62 62 78 78 
6 6 5 5 6 6 6 6 6 5 5 5 5 7 7 5 6 6 6 6 6 8 8 6 6 5 5 6 6 
78 78 71 71 78 78 78 78 78 71 71 71 71 88 88 68 75 75 75 75 75 100 100 78 78 62 62 78 78 
78 78 71 71 78 78 78 78 78 71 71 71 71 88 88 68 75 75 75 75 75 100 100 78 78 62 62 78 78 
78 78 71 71 78 78 78 78 78 71 71 71 71 88 88 68 75 75 75 75 75 100 100 78 78 62 62 78 78 
37 37 34 34 37 37 37 37 37 34 34 34 34 42 42 32 36 36 36 36 36 48 48 37 37 30 30 37 37 
78 78 71 71 78 78 78 78 78 71 71 71 71 88 88 68 75 75 75 75 75 100 100 78 78 62 62 78 78 
78 78 71 71 78 78 78 78 78 71 71 71 71 88 88 68 75 75 75 75 75 100 100 78 78 62 62 78 78 
78 78 71 71 78 78 78 78 78 71 71 71 71 88 88 68 75 75 75 75 75 100 100 78 78 62 62 78 78 
60 60 54 54 60 60 60 60 60 54 54 54 54 67 67 51 57 57 57 57 57 76 76 60 60 47 47 60 60 

25 
25 
40 
40 
27 
27 
27 
31 
31 
36 
36 
29 
29 
38 
38 
40 
28 
28 
45 
45 
45 
26 
26 
31 
31 
37 
37 
44 
44 

1 1 1 1 1 1 1 1 1 1 1 1 1 1 1 1 1 1 1 1 1 1 1 1 1 1 1 1 1 
1 1 1 1 1 1 1 1 1 1 1 1 1 1 1 1 1 1 1 1 1 1 1 1 1 1 1 1 1 
1 1 1 1 1 1 1 1 1 1 1 1 1 1 1 1 1 1 1 1 1 1 1 1 1 1 1 1 1 
1 1 1 1 1 1 1 1 1 1 1 1 1 1 1 1 1 1 1 1 1 1 1 1 1 1 1 1 1 
1 1 1 1 1 1 1 1 1 1 1 1 1 1 1 1 1 1 1 1 1 1 1 1 1 1 1 1 1 
1 1 1 1 1 1 1 1 1 1 1 1 1 1 1 1 1 1 1 1 1 1 1 1 1 1 1 1 1 
1 1 1 1 1 1 1 1 1 1 1 1 1 1 1 1 1 1 1 1 1 1 1 1 1 1 1 1 1 
1 1 1 1 1 1 1 1 1 1 1 1 1 1 1 1 1 1 1 1 1 1 1 1 1 1 1 1 1 
1 1 1 1 1 1 1 1 1 1 1 1 1 1 1 1 1 1 1 1 1 1 1 1 1 1 1 1 1 
1 1 1 1 1 1 1 1 1 1 1 1 1 1 1 1 1 1 1 1 1 1 1 1 1 1 1 1 1 
1 1 1 1 1 1 1 1 1 1 1 1 1 1 1 1 1 1 1 1 1 1 1 1 1 1 1 1 1 
1 1 1 1 1 1 1 1 1 1 1 1 1 1 1 1 1 1 1 1 1 1 1 1 1 1 1 1 1 
1 1 1 1 1 1 1 1 1 1 1 1 1 1 1 1 1 1 1 1 1 1 1 1 1 1 1 1 1 
1 1 1 1 1 1 1 1 1 1 1 1 1 1 1 1 1 1 1 1 1 1 1 1 1 1 1 1 1 
1 1 1 1 1 1 1 1 1 1 1 1 1 1 1 1 1 1 1 1 1 1 1 1 1 1 1 1 1 
1 1 1 1 1 1 1 1 1 1 1 1 1 1 1 1 1 1 1 1 1 1 1 1 1 1 1 1 1 
1 1 1 1 1 1 1 1 1 1 1 1 1 1 1 1 1 1 1 1 1 1 1 1 1 1 1 1 1 
1 1 1 1 1 1 1 1 1 1 1 1 1 1 1 1 1 1 1 1 1 1 1 1 1 1 1 1 1 
1 1 1 1 1 1 1 1 1 1 1 1 1 1 1 1 1 1 1 1 1 1 1 1 1 1 1 1 1 
1 1 1 1 1 1 1 1 1 1 1 1 1 1 1 1 1 1 1 1 1 1 1 1 1 1 1 1 1 
1 1 1 1 1 1 1 1 1 1 1 1 1 1 1 1 1 1 1 1 1 1 1 1 1 1 1 1 1 
1 1 1 1 1 1 1 1 1 1 1 1 1 1 1 1 1 1 1 1 1 1 1 1 1 1 1 1 1 
1 1 1 1 1 1 1 1 1 1 1 1 1 1 1 1 1 1 1 1 1 1 1 1 1 1 1 1 1 
1 1 1 1 1 1 1 1 1 1 1 1 1 1 1 1 1 1 1 1 1 1 1 1 1 1 1 1 1 
1 1 1 1 1 1 1 1 1 1 1 1 1 1 1 1 1 1 1 1 1 1 1 1 1 1 1 1 1 
1 1 1 1 1 1 1 1 1 1 1 1 1 1 1 1 1 1 1 1 1 1 1 1 1 1 1 1 1 
1 1 1 1 1 1 1 1 1 1 1 1 1 1 1 1 1 1 1 1 1 1 1 1 1 1 1 1 1 
1 1 1 1 1 1 1 1 1 1 1 1 1 1 1 1 1 1 1 1 1 1 1 1 1 1 1 1 1 
1 1 1 1 1 1 1 1 1 1 1 1 1 1 1 1 1 1 1 1 1 1 1 1 1 1 1 1 1 
1 1 1 1 1 1 1 1 1 1 1 1 1 1 1 1 1 1 1 1 1 1 1 1 1 1 1 1 1 
1 1 1 1 1 1 1 1 1 1 1 1 1 1 1 1 1 1 1 1 1 1 1 1 1 1 1 1 1 
1 1 1 1 1 1 1 1 1 1 1 1 1 1 1 1 1 1 1 1 1 1 1 1 1 1 1 1 1 
1 1 1 1 1 1 1 1 1 1 1 1 1 1 1 1 1 1 1 1 1 1 1 1 1 1 1 1 1 
1 1 1 1 1 1 1 1 1 1 1 1 1 1 1 1 1 1 1 1 1 1 1 1 1 1 1 1 1 
1 1 1 1 1 1 1 1 1 1 1 1 1 1 1 1 1 1 1 1 1 1 1 1 1 1 1 1 1 
1 1 1 1 1 1 1 1 1 1 1 1 1 1 1 1 1 1 1 1 1 1 1 1 1 1 1 1 1 
1 1 1 1 1 1 1 1 1 1 1 1 1 1 1 1 1 1 1 1 1 1 1 1 1 1 1 1 1 
1 1 1 1 1 1 1 1 1 1 1 1 1 1 1 1 1 1 1 1 1 1 1 1 1 1 1 1 1 
1 1 1 1 1 1 1 1 1 1 1 1 1 1 1 1 1 1 1 1 1 1 1 1 1 1 1 1 1 
1 1 1 1 1 1 1 1 1 1 1 1 1 1 1 1 1 1 1 1 1 1 1 1 1 1 1 1 1 
1 1 1 1 1 1 1 1 1 1 1 1 1 1 1 1 1 1 1 1 1 1 1 1 1 1 1 1 1 
1 1 1 1 1 1 1 1 1 1 1 1 1 1 1 1 1 1 1 1 1 1 1 1 1 1 1 1 1 
1 1 1 1 1 1 1 1 1 1 1 1 1 1 1 1 1 1 1 1 1 1 1 1 1 1 1 1 1 
1 1 1 1 1 1 1 1 1 1 1 1 1 1 1 1 1 1 1 1 1 1 1 1 1 1 1 1 1 
1 1 1 1 1 1 1 1 1 1 1 1 1 1 1 1 1 1 1 1 1 1 1 1 1 1 1 1 1 
1 1 1 1 1 1 1 1 1 1 1 1 1 1 1 1 1 1 1 1 1 1 1 1 1 1 1 1 1 
1 1 1 1 1 1 1 1 1 1 1 1 1 1 1 1 1 1 1 1 1 1 1 1 1 1 1 1 1 
1 1 1 1 1 1 1 1 1 1 1 1 1 1 1 1 1 1 1 1 1 1 1 1 1 1 1 1 1 
1 1 1 1 1 1 1 1 1 1 1 1 1 1 1 1 1 1 1 1 1 1 1 1 1 1 1 1 1 
1 1 1 1 1 1 1 1 1 1 1 1 1 1 1 1 1 1 1 1 1 1 1 1 1 1 1 1 1 
1 1 1 1 1 1 1 1 1 1 1 1 1 1 1 1 1 1 1 1 1 1 1 1 1 1 1 1 1 
1 1 1 1 1 1 1 1 1 1 1 1 1 1 1 1 1 1 1 1 1 1 1 1 1 1 1 1 1 
1 1 1 1 1 1 1 1 1 1 1 1 1 1 1 1 1 1 1 1 1 1 1 1 1 1 1 1 1 
1 1 1 1 1 1 1 1 1 1 1 1 1 1 1 1 1 1 1 1 1 1 1 1 1 1 1 1 1 
1 1 1 1 1 1 1 1 1 1 1 1 1 1 1 1 1 1 1 1 1 1 1 1 1 1 1 1 1 
1 1 1 1 1 1 1 1 1 1 1 1 1 1 1 1 1 1 1 1 1 1 1 1 1 1 1 1 1 
1 1 1 1 1 1 1 1 1 1 1 1 1 1 1 1 1 1 1 1 1 1 1 1 1 1 1 1 1 
1 1 1 1 1 1 1 1 1 1 1 1 1 1 1 1 1 1 1 1 1 1 1 1 1 1 1 1 1 
1 1 1 1 1 1 1 1 1 1 1 1 1 1 1 1 1 1 1 1 1 1 1 1 1 1 1 1 1 
1 1 1 1 1 1 1 1 1 1 1 1 1 1 1 1 1 1 1 1 1 1 1 1 1 1 1 1 1 
1 1 1 1 1 1 1 1 1 1 1 1 1 1 1 1 1 1 1 1 1 1 1 1 1 1 1 1 1 
1 1 1 1 1 1 1 1 1 1 1 1 1 1 1 1 1 1 1 1 1 1 1 1 1 1 1 1 1 
1 1 1 1 1 1 1 1 1 1 1 1 1 1 1 1 1 1 1 1 1 1 1 1 1 1 1 1 1 
1 1 1 1 1 1 1 1 1 1 1 1 1 1 1 1 1 1 1 1 1 1 1 1 1 1 1 1 1 
1 1 1 1 1 1 1 1 1 1 1 1 1 1 1 1 1 1 1 1 1 1 1 1 1 1 1 1 1 
1 1 1 1 1 1 1 1 1 1 1 1 1 1 1 1 1 1 1 1 1 1 1 1 1 1 1 1 1 

14 
0 1 1 1 1 1 1 1 1 1 1 1 1 1 1 1 1 1 1 1 1 1 1 1 1 1 1 1 1 1 1 1 1 1 1 1 1 1 1 1 1 1 1 1 1 1 1 1 1 1 1 1 1 1 1 1 1 1 1 1 1 1 1 1 1 1 1 
0 0 0 0 0 0 0 1 1 1 1 1 1 1 1 1 1 1 1 1 1 1 1 1 1 1 1 1 1 1 1 1 1 1 1 1 1 1 1 1 1 1 1 1 1 1 1 1 1 1 1 1 1 1 1 1 1 1 1 1 1 1 1 1 1 1 1 
0 0 0 0 0 0 0 1 1 1 1 1 1 1 1 1 1 1 1 1 1 1 1 1 1 1 1 1 1 1 1 1 1 1 1 1 1 1 1 1 1 1 1 1 1 1 1 1 1 1 1 1 1 1 1 1 1 1 1 1 1 1 1 1 1 1 1 
0 0 0 0 0 0 0 1 1 1 1 1 1 1 1 1 1 1 1 1 1 1 1 1 1 1 1 1 1 1 1 1 1 1 1 1 1 1 1 1 1 1 1 1 1 1 1 1 1 1 1 1 1 1 1 1 1 1 1 1 1 1 1 1 1 1 1 
0 0 0 0 0 0 0 1 1 1 1 1 1 1 1 1 1 1 1 1 1 1 1 1 1 1 1 1 1 1 1 1 1 1 1 1 1 1 1 1 1 1 1 1 1 1 1 1 1 1 1 1 1 1 1 1 1 1 1 1 1 1 1 1 1 1 1 
0 0 0 0 0 0 0 1 1 1 1 1 1 1 1 1 1 1 1 1 1 1 1 1 1 1 1 1 1 1 1 1 1 1 1 1 1 1 1 1 1 1 1 1 1 1 1 1 1 1 1 1 1 1 1 1 1 1 1 1 1 1 1 1 1 1 1 
0 0 0 0 0 0 0 1 1 1 1 1 1 1 1 1 1 1 1 1 1 1 1 1 1 1 1 1 1 1 1 1 1 1 1 1 1 1 1 1 1 1 1 1 1 1 1 1 1 1 1 1 1 1 1 1 1 1 1 1 1 1 1 1 1 1 1 
0 1 1 1 1 1 1 0 0 0 0 1 1 1 1 1 1 1 1 1 1 1 1 1 1 1 1 1 1 1 1 1 1 1 1 1 1 1 1 1 1 1 1 1 1 1 1 1 1 1 1 1 1 1 1 1 1 1 1 1 1 1 1 1 1 1 1 
0 1 1 1 1 1 1 0 0 0 0 1 1 1 1 1 1 1 1 1 1 1 1 1 1 1 1 1 1 1 1 1 1 1 1 1 1 1 1 1 1 1 1 1 1 1 1 1 1 1 1 1 1 1 1 1 1 1 1 1 1 1 1 1 1 1 1 
0 1 1 1 1 1 1 0 0 0 0 1 1 1 1 1 1 1 1 1 1 1 1 1 1 1 1 1 1 1 1 1 1 1 1 1 1 1 1 1 1 1 1 1 1 1 1 1 1 1 1 1 1 1 1 1 1 1 1 1 1 1 1 1 1 1 1 
0 1 1 1 1 1 1 0 0 0 0 1 1 1 1 1 1 1 1 1 1 1 1 1 1 1 1 1 1 1 1 1 1 1 1 1 1 1 1 1 1 1 1 1 1 1 1 1 1 1 1 1 1 1 1 1 1 1 1 1 1 1 1 1 1 1 1 
0 1 1 1 1 1 1 1 1 1 1 0 0 0 1 1 1 1 1 1 1 1 1 1 1 1 1 1 1 1 1 1 1 1 1 1 1 1 1 1 1 1 1 1 1 1 1 1 1 1 1 1 1 1 1 1 1 1 1 1 1 1 1 1 1 1 1 
0 1 1 1 1 1 1 1 1 1 1 0 0 0 1 1 1 1 1 1 1 1 1 1 1 1 1 1 1 1 1 1 1 1 1 1 1 1 1 1 1 1 1 1 1 1 1 1 1 1 1 1 1 1 1 1 1 1 1 1 1 1 1 1 1 1 1 
0 1 1 1 1 1 1 1 1 1 1 0 0 0 1 1 1 1 1 1 1 1 1 1 1 1 1 1 1 1 1 1 1 1 1 1 1 1 1 1 1 1 1 1 1 1 1 1 1 1 1 1 1 1 1 1 1 1 1 1 1 1 1 1 1 1 1 
0 1 1 1 1 1 1 1 1 1 1 1 1 1 0 0 0 1 1 1 1 1 1 1 1 1 1 1 1 1 1 1 1 1 1 1 1 1 1 1 1 1 1 1 1 1 1 1 1 1 1 1 1 1 1 1 1 1 1 1 1 1 1 1 1 1 1 
0 1 1 1 1 1 1 1 1 1 1 1 1 1 0 0 0 1 1 1 1 1 1 1 1 1 1 1 1 1 1 1 1 1 1 1 1 1 1 1 1 1 1 1 1 1 1 1 1 1 1 1 1 1 1 1 1 1 1 1 1 1 1 1 1 1 1 
0 1 1 1 1 1 1 1 1 1 1 1 1 1 0 0 0 1 1 1 1 1 1 1 1 1 1 1 1 1 1 1 1 1 1 1 1 1 1 1 1 1 1 1 1 1 1 1 1 1 1 1 1 1 1 1 1 1 1 1 1 1 1 1 1 1 1 
0 1 1 1 1 1 1 1 1 1 1 1 1 1 1 1 1 0 0 0 0 1 1 1 1 1 1 1 1 1 1 1 1 1 1 1 1 1 1 1 1 1 1 1 1 1 1 1 1 1 1 1 1 1 1 1 1 1 1 1 1 1 1 1 1 1 1 
0 1 1 1 1 1 1 1 1 1 1 1 1 1 1 1 1 0 0 0 0 1 1 1 1 1 1 1 1 1 1 1 1 1 1 1 1 1 1 1 1 1 1 1 1 1 1 1 1 1 1 1 1 1 1 1 1 1 1 1 1 1 1 1 1 1 1 
0 1 1 1 1 1 1 1 1 1 1 1 1 1 1 1 1 0 0 0 0 1 1 1 1 1 1 1 1 1 1 1 1 1 1 1 1 1 1 1 1 1 1 1 1 1 1 1 1 1 1 1 1 1 1 1 1 1 1 1 1 1 1 1 1 1 1 
0 1 1 1 1 1 1 1 1 1 1 1 1 1 1 1 1 0 0 0 0 1 1 1 1 1 1 1 1 1 1 1 1 1 1 1 1 1 1 1 1 1 1 1 1 1 1 1 1 1 1 1 1 1 1 1 1 1 1 1 1 1 1 1 1 1 1 
0 1 1 1 1 1 1 1 1 1 1 1 1 1 1 1 1 1 1 1 1 0 0 0 0 0 1 1 1 1 1 1 1 1 1 1 1 1 1 1 1 1 1 1 1 1 1 1 1 1 1 1 1 1 1 1 1 1 1 1 1 1 1 1 1 1 1 
0 1 1 1 1 1 1 1 1 1 1 1 1 1 1 1 1 1 1 1 1 0 0 0 0 0 1 1 1 1 1 1 1 1 1 1 1 1 1 1 1 1 1 1 1 1 1 1 1 1 1 1 1 1 1 1 1 1 1 1 1 1 1 1 1 1 1 
0 1 1 1 1 1 1 1 1 1 1 1 1 1 1 1 1 1 1 1 1 0 0 0 0 0 1 1 1 1 1 1 1 1 1 1 1 1 1 1 1 1 1 1 1 1 1 1 1 1 1 1 1 1 1 1 1 1 1 1 1 1 1 1 1 1 1 
0 1 1 1 1 1 1 1 1 1 1 1 1 1 1 1 1 1 1 1 1 0 0 0 0 0 1 1 1 1 1 1 1 1 1 1 1 1 1 1 1 1 1 1 1 1 1 1 1 1 1 1 1 1 1 1 1 1 1 1 1 1 1 1 1 1 1 
0 1 1 1 1 1 1 1 1 1 1 1 1 1 1 1 1 1 1 1 1 0 0 0 0 0 1 1 1 1 1 1 1 1 1 1 1 1 1 1 1 1 1 1 1 1 1 1 1 1 1 1 1 1 1 1 1 1 1 1 1 1 1 1 1 1 1 
0 1 1 1 1 1 1 1 1 1 1 1 1 1 1 1 1 1 1 1 1 1 1 1 1 1 0 0 0 0 0 1 1 1 1 1 1 1 1 1 1 1 1 1 1 1 1 1 1 1 1 1 1 1 1 1 1 1 1 1 1 1 1 1 1 1 1 
0 1 1 1 1 1 1 1 1 1 1 1 1 1 1 1 1 1 1 1 1 1 1 1 1 1 0 0 0 0 0 1 1 1 1 1 1 1 1 1 1 1 1 1 1 1 1 1 1 1 1 1 1 1 1 1 1 1 1 1 1 1 1 1 1 1 1 
0 1 1 1 1 1 1 1 1 1 1 1 1 1 1 1 1 1 1 1 1 1 1 1 1 1 0 0 0 0 0 1 1 1 1 1 1 1 1 1 1 1 1 1 1 1 1 1 1 1 1 1 1 1 1 1 1 1 1 1 1 1 1 1 1 1 1 
0 1 1 1 1 1 1 1 1 1 1 1 1 1 1 1 1 1 1 1 1 1 1 1 1 1 0 0 0 0 0 1 1 1 1 1 1 1 1 1 1 1 1 1 1 1 1 1 1 1 1 1 1 1 1 1 1 1 1 1 1 1 1 1 1 1 1 
0 1 1 1 1 1 1 1 1 1 1 1 1 1 1 1 1 1 1 1 1 1 1 1 1 1 0 0 0 0 0 1 1 1 1 1 1 1 1 1 1 1 1 1 1 1 1 1 1 1 1 1 1 1 1 1 1 1 1 1 1 1 1 1 1 1 1 
0 1 1 1 1 1 1 1 1 1 1 1 1 1 1 1 1 1 1 1 1 1 1 1 1 1 1 1 1 1 1 0 0 0 0 0 0 1 1 1 1 1 1 1 1 1 1 1 1 1 1 1 1 1 1 1 1 1 1 1 1 1 1 1 1 1 1 
0 1 1 1 1 1 1 1 1 1 1 1 1 1 1 1 1 1 1 1 1 1 1 1 1 1 1 1 1 1 1 0 0 0 0 0 0 1 1 1 1 1 1 1 1 1 1 1 1 1 1 1 1 1 1 1 1 1 1 1 1 1 1 1 1 1 1 
0 1 1 1 1 1 1 1 1 1 1 1 1 1 1 1 1 1 1 1 1 1 1 1 1 1 1 1 1 1 1 0 0 0 0 0 0 1 1 1 1 1 1 1 1 1 1 1 1 1 1 1 1 1 1 1 1 1 1 1 1 1 1 1 1 1 1 
0 1 1 1 1 1 1 1 1 1 1 1 1 1 1 1 1 1 1 1 1 1 1 1 1 1 1 1 1 1 1 0 0 0 0 0 0 1 1 1 1 1 1 1 1 1 1 1 1 1 1 1 1 1 1 1 1 1 1 1 1 1 1 1 1 1 1 
0 1 1 1 1 1 1 1 1 1 1 1 1 1 1 1 1 1 1 1 1 1 1 1 1 1 1 1 1 1 1 0 0 0 0 0 0 1 1 1 1 1 1 1 1 1 1 1 1 1 1 1 1 1 1 1 1 1 1 1 1 1 1 1 1 1 1 
0 1 1 1 1 1 1 1 1 1 1 1 1 1 1 1 1 1 1 1 1 1 1 1 1 1 1 1 1 1 1 0 0 0 0 0 0 1 1 1 1 1 1 1 1 1 1 1 1 1 1 1 1 1 1 1 1 1 1 1 1 1 1 1 1 1 1 
0 1 1 1 1 1 1 1 1 1 1 1 1 1 1 1 1 1 1 1 1 1 1 1 1 1 1 1 1 1 1 1 1 1 1 1 1 0 0 0 0 0 0 1 1 1 1 1 1 1 1 1 1 1 1 1 1 1 1 1 1 1 1 1 1 1 1 
0 1 1 1 1 1 1 1 1 1 1 1 1 1 1 1 1 1 1 1 1 1 1 1 1 1 1 1 1 1 1 1 1 1 1 1 1 0 0 0 0 0 0 1 1 1 1 1 1 1 1 1 1 1 1 1 1 1 1 1 1 1 1 1 1 1 1 
0 1 1 1 1 1 1 1 1 1 1 1 1 1 1 1 1 1 1 1 1 1 1 1 1 1 1 1 1 1 1 1 1 1 1 1 1 0 0 0 0 0 0 1 1 1 1 1 1 1 1 1 1 1 1 1 1 1 1 1 1 1 1 1 1 1 1 
0 1 1 1 1 1 1 1 1 1 1 1 1 1 1 1 1 1 1 1 1 1 1 1 1 1 1 1 1 1 1 1 1 1 1 1 1 0 0 0 0 0 0 1 1 1 1 1 1 1 1 1 1 1 1 1 1 1 1 1 1 1 1 1 1 1 1 
0 1 1 1 1 1 1 1 1 1 1 1 1 1 1 1 1 1 1 1 1 1 1 1 1 1 1 1 1 1 1 1 1 1 1 1 1 0 0 0 0 0 0 1 1 1 1 1 1 1 1 1 1 1 1 1 1 1 1 1 1 1 1 1 1 1 1 
0 1 1 1 1 1 1 1 1 1 1 1 1 1 1 1 1 1 1 1 1 1 1 1 1 1 1 1 1 1 1 1 1 1 1 1 1 0 0 0 0 0 0 1 1 1 1 1 1 1 1 1 1 1 1 1 1 1 1 1 1 1 1 1 1 1 1 
0 1 1 1 1 1 1 1 1 1 1 1 1 1 1 1 1 1 1 1 1 1 1 1 1 1 1 1 1 1 1 1 1 1 1 1 1 1 1 1 1 1 1 0 0 0 0 0 1 1 1 1 1 1 1 1 1 1 1 1 1 1 1 1 1 1 1 
0 1 1 1 1 1 1 1 1 1 1 1 1 1 1 1 1 1 1 1 1 1 1 1 1 1 1 1 1 1 1 1 1 1 1 1 1 1 1 1 1 1 1 0 0 0 0 0 1 1 1 1 1 1 1 1 1 1 1 1 1 1 1 1 1 1 1 
0 1 1 1 1 1 1 1 1 1 1 1 1 1 1 1 1 1 1 1 1 1 1 1 1 1 1 1 1 1 1 1 1 1 1 1 1 1 1 1 1 1 1 0 0 0 0 0 1 1 1 1 1 1 1 1 1 1 1 1 1 1 1 1 1 1 1 
0 1 1 1 1 1 1 1 1 1 1 1 1 1 1 1 1 1 1 1 1 1 1 1 1 1 1 1 1 1 1 1 1 1 1 1 1 1 1 1 1 1 1 0 0 0 0 0 1 1 1 1 1 1 1 1 1 1 1 1 1 1 1 1 1 1 1 
0 1 1 1 1 1 1 1 1 1 1 1 1 1 1 1 1 1 1 1 1 1 1 1 1 1 1 1 1 1 1 1 1 1 1 1 1 1 1 1 1 1 1 0 0 0 0 0 1 1 1 1 1 1 1 1 1 1 1 1 1 1 1 1 1 1 1 
0 1 1 1 1 1 1 1 1 1 1 1 1 1 1 1 1 1 1 1 1 1 1 1 1 1 1 1 1 1 1 1 1 1 1 1 1 1 1 1 1 1 1 1 1 1 1 1 0 0 0 0 0 1 1 1 1 1 1 1 1 1 1 1 1 1 1 
0 1 1 1 1 1 1 1 1 1 1 1 1 1 1 1 1 1 1 1 1 1 1 1 1 1 1 1 1 1 1 1 1 1 1 1 1 1 1 1 1 1 1 1 1 1 1 1 0 0 0 0 0 1 1 1 1 1 1 1 1 1 1 1 1 1 1 
0 1 1 1 1 1 1 1 1 1 1 1 1 1 1 1 1 1 1 1 1 1 1 1 1 1 1 1 1 1 1 1 1 1 1 1 1 1 1 1 1 1 1 1 1 1 1 1 0 0 0 0 0 1 1 1 1 1 1 1 1 1 1 1 1 1 1 
0 1 1 1 1 1 1 1 1 1 1 1 1 1 1 1 1 1 1 1 1 1 1 1 1 1 1 1 1 1 1 1 1 1 1 1 1 1 1 1 1 1 1 1 1 1 1 1 0 0 0 0 0 1 1 1 1 1 1 1 1 1 1 1 1 1 1 
0 1 1 1 1 1 1 1 1 1 1 1 1 1 1 1 1 1 1 1 1 1 1 1 1 1 1 1 1 1 1 1 1 1 1 1 1 1 1 1 1 1 1 1 1 1 1 1 0 0 0 0 0 1 1 1 1 1 1 1 1 1 1 1 1 1 1 
0 1 1 1 1 1 1 1 1 1 1 1 1 1 1 1 1 1 1 1 1 1 1 1 1 1 1 1 1 1 1 1 1 1 1 1 1 1 1 1 1 1 1 1 1 1 1 1 1 1 1 1 1 0 0 0 0 0 0 1 1 1 1 1 1 1 1 
0 1 1 1 1 1 1 1 1 1 1 1 1 1 1 1 1 1 1 1 1 1 1 1 1 1 1 1 1 1 1 1 1 1 1 1 1 1 1 1 1 1 1 1 1 1 1 1 1 1 1 1 1 0 0 0 0 0 0 1 1 1 1 1 1 1 1 
0 1 1 1 1 1 1 1 1 1 1 1 1 1 1 1 1 1 1 1 1 1 1 1 1 1 1 1 1 1 1 1 1 1 1 1 1 1 1 1 1 1 1 1 1 1 1 1 1 1 1 1 1 0 0 0 0 0 0 1 1 1 1 1 1 1 1 
0 1 1 1 1 1 1 1 1 1 1 1 1 1 1 1 1 1 1 1 1 1 1 1 1 1 1 1 1 1 1 1 1 1 1 1 1 1 1 1 1 1 1 1 1 1 1 1 1 1 1 1 1 0 0 0 0 0 0 1 1 1 1 1 1 1 1 
0 1 1 1 1 1 1 1 1 1 1 1 1 1 1 1 1 1 1 1 1 1 1 1 1 1 1 1 1 1 1 1 1 1 1 1 1 1 1 1 1 1 1 1 1 1 1 1 1 1 1 1 1 0 0 0 0 0 0 1 1 1 1 1 1 1 1 
0 1 1 1 1 1 1 1 1 1 1 1 1 1 1 1 1 1 1 1 1 1 1 1 1 1 1 1 1 1 1 1 1 1 1 1 1 1 1 1 1 1 1 1 1 1 1 1 1 1 1 1 1 0 0 0 0 0 0 1 1 1 1 1 1 1 1 
0 1 1 1 1 1 1 1 1 1 1 1 1 1 1 1 1 1 1 1 1 1 1 1 1 1 1 1 1 1 1 1 1 1 1 1 1 1 1 1 1 1 1 1 1 1 1 1 1 1 1 1 1 1 1 1 1 1 1 0 0 0 0 1 1 1 1 
0 1 1 1 1 1 1 1 1 1 1 1 1 1 1 1 1 1 1 1 1 1 1 1 1 1 1 1 1 1 1 1 1 1 1 1 1 1 1 1 1 1 1 1 1 1 1 1 1 1 1 1 1 1 1 1 1 1 1 0 0 0 0 1 1 1 1 
0 1 1 1 1 1 1 1 1 1 1 1 1 1 1 1 1 1 1 1 1 1 1 1 1 1 1 1 1 1 1 1 1 1 1 1 1 1 1 1 1 1 1 1 1 1 1 1 1 1 1 1 1 1 1 1 1 1 1 0 0 0 0 1 1 1 1 
0 1 1 1 1 1 1 1 1 1 1 1 1 1 1 1 1 1 1 1 1 1 1 1 1 1 1 1 1 1 1 1 1 1 1 1 1 1 1 1 1 1 1 1 1 1 1 1 1 1 1 1 1 1 1 1 1 1 1 0 0 0 0 1 1 1 1 
0 1 1 1 1 1 1 1 1 1 1 1 1 1 1 1 1 1 1 1 1 1 1 1 1 1 1 1 1 1 1 1 1 1 1 1 1 1 1 1 1 1 1 1 1 1 1 1 1 1 1 1 1 1 1 1 1 1 1 1 1 1 1 0 0 0 0 
0 1 1 1 1 1 1 1 1 1 1 1 1 1 1 1 1 1 1 1 1 1 1 1 1 1 1 1 1 1 1 1 1 1 1 1 1 1 1 1 1 1 1 1 1 1 1 1 1 1 1 1 1 1 1 1 1 1 1 1 1 1 1 0 0 0 0 
0 1 1 1 1 1 1 1 1 1 1 1 1 1 1 1 1 1 1 1 1 1 1 1 1 1 1 1 1 1 1 1 1 1 1 1 1 1 1 1 1 1 1 1 1 1 1 1 1 1 1 1 1 1 1 1 1 1 1 1 1 1 1 0 0 0 0 
0 1 1 1 1 1 1 1 1 1 1 1 1 1 1 1 1 1 1 1 1 1 1 1 1 1 1 1 1 1 1 1 1 1 1 1 1 1 1 1 1 1 1 1 1 1 1 1 1 1 1 1 1 1 1 1 1 1 1 1 1 1 1 0 0 0 0 

0 1 1 1 1 1 1 1 1 1 1 1 1 1 1 1 1 1 1 1 1 1 1 1 1 1 1 1 1 1 1 1 1 1 1 1 1 1 1 1 1 1 1 1 1 1 1 1 1 1 1 1 1 1 1 1 1 1 1 1 1 1 1 1 1 1 1 
0 0 0 0 0 0 0 1 1 1 1 1 1 1 1 1 1 1 1 1 1 1 1 1 1 1 1 1 1 1 1 1 1 1 1 1 1 1 1 1 1 1 1 1 1 1 1 1 1 1 1 1 1 1 1 1 1 1 1 1 1 1 1 1 1 1 1 
0 0 0 0 0 0 0 1 1 1 1 1 1 1 1 1 1 1 1 1 1 1 1 1 1 1 1 1 1 1 1 1 1 1 1 1 1 1 1 1 1 1 1 1 1 1 1 1 1 1 1 1 1 1 1 1 1 1 1 1 1 1 1 1 1 1 1 
0 0 0 0 0 0 0 1 1 1 1 1 1 1 1 1 1 1 1 1 1 1 1 1 1 1 1 1 1 1 1 1 1 1 1 1 1 1 1 1 1 1 1 1 1 1 1 1 1 1 1 1 1 1 1 1 1 1 1 1 1 1 1 1 1 1 1 
0 0 0 0 0 0 0 1 1 1 1 1 1 1 1 1 1 1 1 1 1 1 1 1 1 1 1 1 1 1 1 1 1 1 1 1 1 1 1 1 1 1 1 1 1 1 1 1 1 1 1 1 1 1 1 1 1 1 1 1 1 1 1 1 1 1 1 
0 0 0 0 0 0 0 1 1 1 1 1 1 1 1 1 1 1 1 1 1 1 1 1 1 1 1 1 1 1 1 1 1 1 1 1 1 1 1 1 1 1 1 1 1 1 1 1 1 1 1 1 1 1 1 1 1 1 1 1 1 1 1 1 1 1 1 
0 0 0 0 0 0 0 1 1 1 1 1 1 1 1 1 1 1 1 1 1 1 1 1 1 1 1 1 1 1 1 1 1 1 1 1 1 1 1 1 1 1 1 1 1 1 1 1 1 1 1 1 1 1 1 1 1 1 1 1 1 1 1 1 1 1 1 
0 1 1 1 1 1 1 0 0 0 0 1 1 1 1 1 1 1 1 1 1 1 1 1 1 1 1 1 1 1 1 1 1 1 1 1 1 1 1 1 1 1 1 1 1 1 1 1 1 1 1 1 1 1 1 1 1 1 1 1 1 1 1 1 1 1 1 
0 1 1 1 1 1 1 0 0 0 0 1 1 1 1 1 1 1 1 1 1 1 1 1 1 1 1 1 1 1 1 1 1 1 1 1 1 1 1 1 1 1 1 1 1 1 1 1 1 1 1 1 1 1 1 1 1 1 1 1 1 1 1 1 1 1 1 
0 1 1 1 1 1 1 0 0 0 0 1 1 1 1 1 1 1 1 1 1 1 1 1 1 1 1 1 1 1 1 1 1 1 1 1 1 1 1 1 1 1 1 1 1 1 1 1 1 1 1 1 1 1 1 1 1 1 1 1 1 1 1 1 1 1 1 
0 1 1 1 1 1 1 0 0 0 0 1 1 1 1 1 1 1 1 1 1 1 1 1 1 1 1 1 1 1 1 1 1 1 1 1 1 1 1 1 1 1 1 1 1 1 1 1 1 1 1 1 1 1 1 1 1 1 1 1 1 1 1 1 1 1 1 
0 1 1 1 1 1 1 1 1 1 1 0 0 0 1 1 1 1 1 1 1 1 1 1 1 1 1 1 1 1 1 1 1 1 1 1 1 1 1 1 1 1 1 1 1 1 1 1 1 1 1 1 1 1 1 1 1 1 1 1 1 1 1 1 1 1 1 
0 1 1 1 1 1 1 1 1 1 1 0 0 0 1 1 1 1 1 1 1 1 1 1 1 1 1 1 1 1 1 1 1 1 1 1 1 1 1 1 1 1 1 1 1 1 1 1 1 1 1 1 1 1 1 1 1 1 1 1 1 1 1 1 1 1 1 
0 1 1 1 1 1 1 1 1 1 1 0 0 0 1 1 1 1 1 1 1 1 1 1 1 1 1 1 1 1 1 1 1 1 1 1 1 1 1 1 1 1 1 1 1 1 1 1 1 1 1 1 1 1 1 1 1 1 1 1 1 1 1 1 1 1 1 
0 1 1 1 1 1 1 1 1 1 1 1 1 1 0 0 0 1 1 1 1 1 1 1 1 1 1 1 1 1 1 1 1 1 1 1 1 1 1 1 1 1 1 1 1 1 1 1 1 1 1 1 1 1 1 1 1 1 1 1 1 1 1 1 1 1 1 
0 1 1 1 1 1 1 1 1 1 1 1 1 1 0 0 0 1 1 1 1 1 1 1 1 1 1 1 1 1 1 1 1 1 1 1 1 1 1 1 1 1 1 1 1 1 1 1 1 1 1 1 1 1 1 1 1 1 1 1 1 1 1 1 1 1 1 
0 1 1 1 1 1 1 1 1 1 1 1 1 1 0 0 0 1 1 1 1 1 1 1 1 1 1 1 1 1 1 1 1 1 1 1 1 1 1 1 1 1 1 1 1 1 1 1 1 1 1 1 1 1 1 1 1 1 1 1 1 1 1 1 1 1 1 
0 1 1 1 1 1 1 1 1 1 1 1 1 1 1 1 1 0 0 0 0 1 1 1 1 1 1 1 1 1 1 1 1 1 1 1 1 1 1 1 1 1 1 1 1 1 1 1 1 1 1 1 1 1 1 1 1 1 1 1 1 1 1 1 1 1 1 
0 1 1 1 1 1 1 1 1 1 1 1 1 1 1 1 1 0 0 0 0 1 1 1 1 1 1 1 1 1 1 1 1 1 1 1 1 1 1 1 1 1 1 1 1 1 1 1 1 1 1 1 1 1 1 1 1 1 1 1 1 1 1 1 1 1 1 
0 1 1 1 1 1 1 1 1 1 1 1 1 1 1 1 1 0 0 0 0 1 1 1 1 1 1 1 1 1 1 1 1 1 1 1 1 1 1 1 1 1 1 1 1 1 1 1 1 1 1 1 1 1 1 1 1 1 1 1 1 1 1 1 1 1 1 
0 1 1 1 1 1 1 1 1 1 1 1 1 1 1 1 1 0 0 0 0 1 1 1 1 1 1 1 1 1 1 1 1 1 1 1 1 1 1 1 1 1 1 1 1 1 1 1 1 1 1 1 1 1 1 1 1 1 1 1 1 1 1 1 1 1 1 
0 1 1 1 1 1 1 1 1 1 1 1 1 1 1 1 1 1 1 1 1 0 0 0 0 0 1 1 1 1 1 1 1 1 1 1 1 1 1 1 1 1 1 1 1 1 1 1 1 1 1 1 1 1 1 1 1 1 1 1 1 1 1 1 1 1 1 
0 1 1 1 1 1 1 1 1 1 1 1 1 1 1 1 1 1 1 1 1 0 0 0 0 0 1 1 1 1 1 1 1 1 1 1 1 1 1 1 1 1 1 1 1 1 1 1 1 1 1 1 1 1 1 1 1 1 1 1 1 1 1 1 1 1 1 
0 1 1 1 1 1 1 1 1 1 1 1 1 1 1 1 1 1 1 1 1 0 0 0 0 0 1 1 1 1 1 1 1 1 1 1 1 1 1 1 1 1 1 1 1 1 1 1 1 1 1 1 1 1 1 1 1 1 1 1 1 1 1 1 1 1 1 
0 1 1 1 1 1 1 1 1 1 1 1 1 1 1 1 1 1 1 1 1 0 0 0 0 0 1 1 1 1 1 1 1 1 1 1 1 1 1 1 1 1 1 1 1 1 1 1 1 1 1 1 1 1 1 1 1 1 1 1 1 1 1 1 1 1 1 
0 1 1 1 1 1 1 1 1 1 1 1 1 1 1 1 1 1 1 1 1 0 0 0 0 0 1 1 1 1 1 1 1 1 1 1 1 1 1 1 1 1 1 1 1 1 1 1 1 1 1 1 1 1 1 1 1 1 1 1 1 1 1 1 1 1 1 
0 1 1 1 1 1 1 1 1 1 1 1 1 1 1 1 1 1 1 1 1 1 1 1 1 1 0 0 0 0 0 1 1 1 1 1 1 1 1 1 1 1 1 1 1 1 1 1 1 1 1 1 1 1 1 1 1 1 1 1 1 1 1 1 1 1 1 
0 1 1 1 1 1 1 1 1 1 1 1 1 1 1 1 1 1 1 1 1 1 1 1 1 1 0 0 0 0 0 1 1 1 1 1 1 1 1 1 1 1 1 1 1 1 1 1 1 1 1 1 1 1 1 1 1 1 1 1 1 1 1 1 1 1 1 
0 1 1 1 1 1 1 1 1 1 1 1 1 1 1 1 1 1 1 1 1 1 1 1 1 1 0 0 0 0 0 1 1 1 1 1 1 1 1 1 1 1 1 1 1 1 1 1 1 1 1 1 1 1 1 1 1 1 1 1 1 1 1 1 1 1 1 
0 1 1 1 1 1 1 1 1 1 1 1 1 1 1 1 1 1 1 1 1 1 1 1 1 1 0 0 0 0 0 1 1 1 1 1 1 1 1 1 1 1 1 1 1 1 1 1 1 1 1 1 1 1 1 1 1 1 1 1 1 1 1 1 1 1 1 
0 1 1 1 1 1 1 1 1 1 1 1 1 1 1 1 1 1 1 1 1 1 1 1 1 1 0 0 0 0 0 1 1 1 1 1 1 1 1 1 1 1 1 1 1 1 1 1 1 1 1 1 1 1 1 1 1 1 1 1 1 1 1 1 1 1 1 
0 1 1 1 1 1 1 1 1 1 1 1 1 1 1 1 1 1 1 1 1 1 1 1 1 1 1 1 1 1 1 0 0 0 0 0 0 1 1 1 1 1 1 1 1 1 1 1 1 1 1 1 1 1 1 1 1 1 1 1 1 1 1 1 1 1 1 
0 1 1 1 1 1 1 1 1 1 1 1 1 1 1 1 1 1 1 1 1 1 1 1 1 1 1 1 1 1 1 0 0 0 0 0 0 1 1 1 1 1 1 1 1 1 1 1 1 1 1 1 1 1 1 1 1 1 1 1 1 1 1 1 1 1 1 
0 1 1 1 1 1 1 1 1 1 1 1 1 1 1 1 1 1 1 1 1 1 1 1 1 1 1 1 1 1 1 0 0 0 0 0 0 1 1 1 1 1 1 1 1 1 1 1 1 1 1 1 1 1 1 1 1 1 1 1 1 1 1 1 1 1 1 
0 1 1 1 1 1 1 1 1 1 1 1 1 1 1 1 1 1 1 1 1 1 1 1 1 1 1 1 1 1 1 0 0 0 0 0 0 1 1 1 1 1 1 1 1 1 1 1 1 1 1 1 1 1 1 1 1 1 1 1 1 1 1 1 1 1 1 
0 1 1 1 1 1 1 1 1 1 1 1 1 1 1 1 1 1 1 1 1 1 1 1 1 1 1 1 1 1 1 0 0 0 0 0 0 1 1 1 1 1 1 1 1 1 1 1 1 1 1 1 1 1 1 1 1 1 1 1 1 1 1 1 1 1 1 
0 1 1 1 1 1 1 1 1 1 1 1 1 1 1 1 1 1 1 1 1 1 1 1 1 1 1 1 1 1 1 0 0 0 0 0 0 1 1 1 1 1 1 1 1 1 1 1 1 1 1 1 1 1 1 1 1 1 1 1 1 1 1 1 1 1 1 
0 1 1 1 1 1 1 1 1 1 1 1 1 1 1 1 1 1 1 1 1 1 1 1 1 1 1 1 1 1 1 1 1 1 1 1 1 0 0 0 0 0 0 1 1 1 1 1 1 1 1 1 1 1 1 1 1 1 1 1 1 1 1 1 1 1 1 
0 1 1 1 1 1 1 1 1 1 1 1 1 1 1 1 1 1 1 1 1 1 1 1 1 1 1 1 1 1 1 1 1 1 1 1 1 0 0 0 0 0 0 1 1 1 1 1 1 1 1 1 1 1 1 1 1 1 1 1 1 1 1 1 1 1 1 
0 1 1 1 1 1 1 1 1 1 1 1 1 1 1 1 1 1 1 1 1 1 1 1 1 1 1 1 1 1 1 1 1 1 1 1 1 0 0 0 0 0 0 1 1 1 1 1 1 1 1 1 1 1 1 1 1 1 1 1 1 1 1 1 1 1 1 
0 1 1 1 1 1 1 1 1 1 1 1 1 1 1 1 1 1 1 1 1 1 1 1 1 1 1 1 1 1 1 1 1 1 1 1 1 0 0 0 0 0 0 1 1 1 1 1 1 1 1 1 1 1 1 1 1 1 1 1 1 1 1 1 1 1 1 
0 1 1 1 1 1 1 1 1 1 1 1 1 1 1 1 1 1 1 1 1 1 1 1 1 1 1 1 1 1 1 1 1 1 1 1 1 0 0 0 0 0 0 1 1 1 1 1 1 1 1 1 1 1 1 1 1 1 1 1 1 1 1 1 1 1 1 
0 1 1 1 1 1 1 1 1 1 1 1 1 1 1 1 1 1 1 1 1 1 1 1 1 1 1 1 1 1 1 1 1 1 1 1 1 0 0 0 0 0 0 1 1 1 1 1 1 1 1 1 1 1 1 1 1 1 1 1 1 1 1 1 1 1 1 
0 1 1 1 1 1 1 1 1 1 1 1 1 1 1 1 1 1 1 1 1 1 1 1 1 1 1 1 1 1 1 1 1 1 1 1 1 1 1 1 1 1 1 0 0 0 0 0 1 1 1 1 1 1 1 1 1 1 1 1 1 1 1 1 1 1 1 
0 1 1 1 1 1 1 1 1 1 1 1 1 1 1 1 1 1 1 1 1 1 1 1 1 1 1 1 1 1 1 1 1 1 1 1 1 1 1 1 1 1 1 0 0 0 0 0 1 1 1 1 1 1 1 1 1 1 1 1 1 1 1 1 1 1 1 
0 1 1 1 1 1 1 1 1 1 1 1 1 1 1 1 1 1 1 1 1 1 1 1 1 1 1 1 1 1 1 1 1 1 1 1 1 1 1 1 1 1 1 0 0 0 0 0 1 1 1 1 1 1 1 1 1 1 1 1 1 1 1 1 1 1 1 
0 1 1 1 1 1 1 1 1 1 1 1 1 1 1 1 1 1 1 1 1 1 1 1 1 1 1 1 1 1 1 1 1 1 1 1 1 1 1 1 1 1 1 0 0 0 0 0 1 1 1 1 1 1 1 1 1 1 1 1 1 1 1 1 1 1 1 
0 1 1 1 1 1 1 1 1 1 1 1 1 1 1 1 1 1 1 1 1 1 1 1 1 1 1 1 1 1 1 1 1 1 1 1 1 1 1 1 1 1 1 0 0 0 0 0 1 1 1 1 1 1 1 1 1 1 1 1 1 1 1 1 1 1 1 
0 1 1 1 1 1 1 1 1 1 1 1 1 1 1 1 1 1 1 1 1 1 1 1 1 1 1 1 1 1 1 1 1 1 1 1 1 1 1 1 1 1 1 1 1 1 1 1 0 0 0 0 0 1 1 1 1 1 1 1 1 1 1 1 1 1 1 
0 1 1 1 1 1 1 1 1 1 1 1 1 1 1 1 1 1 1 1 1 1 1 1 1 1 1 1 1 1 1 1 1 1 1 1 1 1 1 1 1 1 1 1 1 1 1 1 0 0 0 0 0 1 1 1 1 1 1 1 1 1 1 1 1 1 1 
0 1 1 1 1 1 1 1 1 1 1 1 1 1 1 1 1 1 1 1 1 1 1 1 1 1 1 1 1 1 1 1 1 1 1 1 1 1 1 1 1 1 1 1 1 1 1 1 0 0 0 0 0 1 1 1 1 1 1 1 1 1 1 1 1 1 1 
0 1 1 1 1 1 1 1 1 1 1 1 1 1 1 1 1 1 1 1 1 1 1 1 1 1 1 1 1 1 1 1 1 1 1 1 1 1 1 1 1 1 1 1 1 1 1 1 0 0 0 0 0 1 1 1 1 1 1 1 1 1 1 1 1 1 1 
0 1 1 1 1 1 1 1 1 1 1 1 1 1 1 1 1 1 1 1 1 1 1 1 1 1 1 1 1 1 1 1 1 1 1 1 1 1 1 1 1 1 1 1 1 1 1 1 0 0 0 0 0 1 1 1 1 1 1 1 1 1 1 1 1 1 1 
0 1 1 1 1 1 1 1 1 1 1 1 1 1 1 1 1 1 1 1 1 1 1 1 1 1 1 1 1 1 1 1 1 1 1 1 1 1 1 1 1 1 1 1 1 1 1 1 1 1 1 1 1 0 0 0 0 0 0 1 1 1 1 1 1 1 1 
0 1 1 1 1 1 1 1 1 1 1 1 1 1 1 1 1 1 1 1 1 1 1 1 1 1 1 1 1 1 1 1 1 1 1 1 1 1 1 1 1 1 1 1 1 1 1 1 1 1 1 1 1 0 0 0 0 0 0 1 1 1 1 1 1 1 1 
0 1 1 1 1 1 1 1 1 1 1 1 1 1 1 1 1 1 1 1 1 1 1 1 1 1 1 1 1 1 1 1 1 1 1 1 1 1 1 1 1 1 1 1 1 1 1 1 1 1 1 1 1 0 0 0 0 0 0 1 1 1 1 1 1 1 1 
0 1 1 1 1 1 1 1 1 1 1 1 1 1 1 1 1 1 1 1 1 1 1 1 1 1 1 1 1 1 1 1 1 1 1 1 1 1 1 1 1 1 1 1 1 1 1 1 1 1 1 1 1 0 0 0 0 0 0 1 1 1 1 1 1 1 1 
0 1 1 1 1 1 1 1 1 1 1 1 1 1 1 1 1 1 1 1 1 1 1 1 1 1 1 1 1 1 1 1 1 1 1 1 1 1 1 1 1 1 1 1 1 1 1 1 1 1 1 1 1 0 0 0 0 0 0 1 1 1 1 1 1 1 1 
0 1 1 1 1 1 1 1 1 1 1 1 1 1 1 1 1 1 1 1 1 1 1 1 1 1 1 1 1 1 1 1 1 1 1 1 1 1 1 1 1 1 1 1 1 1 1 1 1 1 1 1 1 0 0 0 0 0 0 1 1 1 1 1 1 1 1 
0 1 1 1 1 1 1 1 1 1 1 1 1 1 1 1 1 1 1 1 1 1 1 1 1 1 1 1 1 1 1 1 1 1 1 1 1 1 1 1 1 1 1 1 1 1 1 1 1 1 1 1 1 1 1 1 1 1 1 0 0 0 0 1 1 1 1 
0 1 1 1 1 1 1 1 1 1 1 1 1 1 1 1 1 1 1 1 1 1 1 1 1 1 1 1 1 1 1 1 1 1 1 1 1 1 1 1 1 1 1 1 1 1 1 1 1 1 1 1 1 1 1 1 1 1 1 0 0 0 0 1 1 1 1 
0 1 1 1 1 1 1 1 1 1 1 1 1 1 1 1 1 1 1 1 1 1 1 1 1 1 1 1 1 1 1 1 1 1 1 1 1 1 1 1 1 1 1 1 1 1 1 1 1 1 1 1 1 1 1 1 1 1 1 0 0 0 0 1 1 1 1 
0 1 1 1 1 1 1 1 1 1 1 1 1 1 1 1 1 1 1 1 1 1 1 1 1 1 1 1 1 1 1 1 1 1 1 1 1 1 1 1 1 1 1 1 1 1 1 1 1 1 1 1 1 1 1 1 1 1 1 0 0 0 0 1 1 1 1 
0 1 1 1 1 1 1 1 1 1 1 1 1 1 1 1 1 1 1 1 1 1 1 1 1 1 1 1 1 1 1 1 1 1 1 1 1 1 1 1 1 1 1 1 1 1 1 1 1 1 1 1 1 1 1 1 1 1 1 1 1 1 1 0 0 0 0 
0 1 1 1 1 1 1 1 1 1 1 1 1 1 1 1 1 1 1 1 1 1 1 1 1 1 1 1 1 1 1 1 1 1 1 1 1 1 1 1 1 1 1 1 1 1 1 1 1 1 1 1 1 1 1 1 1 1 1 1 1 1 1 0 0 0 0 
0 1 1 1 1 1 1 1 1 1 1 1 1 1 1 1 1 1 1 1 1 1 1 1 1 1 1 1 1 1 1 1 1 1 1 1 1 1 1 1 1 1 1 1 1 1 1 1 1 1 1 1 1 1 1 1 1 1 1 1 1 1 1 0 0 0 0 
0 1 1 1 1 1 1 1 1 1 1 1 1 1 1 1 1 1 1 1 1 1 1 1 1 1 1 1 1 1 1 1 1 1 1 1 1 1 1 1 1 1 1 1 1 1 1 1 1 1 1 1 1 1 1 1 1 1 1 1 1 1 1 0 0 0 0 

12
14
