26 
12 

2 
2 
3 
2 
2 
2 
2 
2 
3 
2 
2 
2 

67 

21.1268 21.1268 32.6087 32.6087 20.8333 20.8333 20.8333 26.7857 26.7857 20.8333 20.8333 23.0769 23.0769 24.5902 24.5902 22.0588 22.0588 24.1935 24.1935 24.1935 32.6087 32.6087 26.7857 26.7857 27.2727 27.2727 
21.1268 21.1268 32.6087 32.6087 20.8333 20.8333 20.8333 26.7857 26.7857 20.8333 20.8333 23.0769 23.0769 24.5902 24.5902 22.0588 22.0588 24.1935 24.1935 24.1935 32.6087 32.6087 26.7857 26.7857 27.2727 27.2727 
21.1268 21.1268 32.6087 32.6087 20.8333 20.8333 20.8333 26.7857 26.7857 20.8333 20.8333 23.0769 23.0769 24.5902 24.5902 22.0588 22.0588 24.1935 24.1935 24.1935 32.6087 32.6087 26.7857 26.7857 27.2727 27.2727 
10.1408 10.1408 15.6522 15.6522 10 10 10 12.8571 12.8571 10 10 11.0769 11.0769 11.8033 11.8033 10.5882 10.5882 11.6129 11.6129 11.6129 15.6522 15.6522 12.8571 12.8571 13.0909 13.0909 
21.1268 21.1268 32.6087 32.6087 20.8333 20.8333 20.8333 26.7857 26.7857 20.8333 20.8333 23.0769 23.0769 24.5902 24.5902 22.0588 22.0588 24.1935 24.1935 24.1935 32.6087 32.6087 26.7857 26.7857 27.2727 27.2727 
21.1268 21.1268 32.6087 32.6087 20.8333 20.8333 20.8333 26.7857 26.7857 20.8333 20.8333 23.0769 23.0769 24.5902 24.5902 22.0588 22.0588 24.1935 24.1935 24.1935 32.6087 32.6087 26.7857 26.7857 27.2727 27.2727 
17.7465 17.7465 27.3913 27.3913 17.5 17.5 17.5 22.5 22.5 17.5 17.5 19.3846 19.3846 20.6557 20.6557 18.5294 18.5294 20.3226 20.3226 20.3226 27.3913 27.3913 22.5 22.5 22.9091 22.9091 
21.1268 21.1268 32.6087 32.6087 20.8333 20.8333 20.8333 26.7857 26.7857 20.8333 20.8333 23.0769 23.0769 24.5902 24.5902 22.0588 22.0588 24.1935 24.1935 24.1935 32.6087 32.6087 26.7857 26.7857 27.2727 27.2727 
21.1268 21.1268 32.6087 32.6087 20.8333 20.8333 20.8333 26.7857 26.7857 20.8333 20.8333 23.0769 23.0769 24.5902 24.5902 22.0588 22.0588 24.1935 24.1935 24.1935 32.6087 32.6087 26.7857 26.7857 27.2727 27.2727 
21.1268 21.1268 32.6087 32.6087 20.8333 20.8333 20.8333 26.7857 26.7857 20.8333 20.8333 23.0769 23.0769 24.5902 24.5902 22.0588 22.0588 24.1935 24.1935 24.1935 32.6087 32.6087 26.7857 26.7857 27.2727 27.2727 
21.1268 21.1268 32.6087 32.6087 20.8333 20.8333 20.8333 26.7857 26.7857 20.8333 20.8333 23.0769 23.0769 24.5902 24.5902 22.0588 22.0588 24.1935 24.1935 24.1935 32.6087 32.6087 26.7857 26.7857 27.2727 27.2727 
12.6761 12.6761 19.5652 19.5652 12.5 12.5 12.5 16.0714 16.0714 12.5 12.5 13.8462 13.8462 14.7541 14.7541 13.2353 13.2353 14.5161 14.5161 14.5161 19.5652 19.5652 16.0714 16.0714 16.3636 16.3636 
21.1268 21.1268 32.6087 32.6087 20.8333 20.8333 20.8333 26.7857 26.7857 20.8333 20.8333 23.0769 23.0769 24.5902 24.5902 22.0588 22.0588 24.1935 24.1935 24.1935 32.6087 32.6087 26.7857 26.7857 27.2727 27.2727 
21.1268 21.1268 32.6087 32.6087 20.8333 20.8333 20.8333 26.7857 26.7857 20.8333 20.8333 23.0769 23.0769 24.5902 24.5902 22.0588 22.0588 24.1935 24.1935 24.1935 32.6087 32.6087 26.7857 26.7857 27.2727 27.2727 
21.1268 21.1268 32.6087 32.6087 20.8333 20.8333 20.8333 26.7857 26.7857 20.8333 20.8333 23.0769 23.0769 24.5902 24.5902 22.0588 22.0588 24.1935 24.1935 24.1935 32.6087 32.6087 26.7857 26.7857 27.2727 27.2727 
21.1268 21.1268 32.6087 32.6087 20.8333 20.8333 20.8333 26.7857 26.7857 20.8333 20.8333 23.0769 23.0769 24.5902 24.5902 22.0588 22.0588 24.1935 24.1935 24.1935 32.6087 32.6087 26.7857 26.7857 27.2727 27.2727 
21.1268 21.1268 32.6087 32.6087 20.8333 20.8333 20.8333 26.7857 26.7857 20.8333 20.8333 23.0769 23.0769 24.5902 24.5902 22.0588 22.0588 24.1935 24.1935 24.1935 32.6087 32.6087 26.7857 26.7857 27.2727 27.2727 
21.1268 21.1268 32.6087 32.6087 20.8333 20.8333 20.8333 26.7857 26.7857 20.8333 20.8333 23.0769 23.0769 24.5902 24.5902 22.0588 22.0588 24.1935 24.1935 24.1935 32.6087 32.6087 26.7857 26.7857 27.2727 27.2727 
4.22535 4.22535 6.52174 6.52174 4.16667 4.16667 4.16667 5.35714 5.35714 4.16667 4.16667 4.61538 4.61538 4.91803 4.91803 4.41176 4.41176 4.83871 4.83871 4.83871 6.52174 6.52174 5.35714 5.35714 5.45455 5.45455 
21.1268 21.1268 32.6087 32.6087 20.8333 20.8333 20.8333 26.7857 26.7857 20.8333 20.8333 23.0769 23.0769 24.5902 24.5902 22.0588 22.0588 24.1935 24.1935 24.1935 32.6087 32.6087 26.7857 26.7857 27.2727 27.2727 
21.1268 21.1268 32.6087 32.6087 20.8333 20.8333 20.8333 26.7857 26.7857 20.8333 20.8333 23.0769 23.0769 24.5902 24.5902 22.0588 22.0588 24.1935 24.1935 24.1935 32.6087 32.6087 26.7857 26.7857 27.2727 27.2727 
21.1268 21.1268 32.6087 32.6087 20.8333 20.8333 20.8333 26.7857 26.7857 20.8333 20.8333 23.0769 23.0769 24.5902 24.5902 22.0588 22.0588 24.1935 24.1935 24.1935 32.6087 32.6087 26.7857 26.7857 27.2727 27.2727 
21.1268 21.1268 32.6087 32.6087 20.8333 20.8333 20.8333 26.7857 26.7857 20.8333 20.8333 23.0769 23.0769 24.5902 24.5902 22.0588 22.0588 24.1935 24.1935 24.1935 32.6087 32.6087 26.7857 26.7857 27.2727 27.2727 
21.1268 21.1268 32.6087 32.6087 20.8333 20.8333 20.8333 26.7857 26.7857 20.8333 20.8333 23.0769 23.0769 24.5902 24.5902 22.0588 22.0588 24.1935 24.1935 24.1935 32.6087 32.6087 26.7857 26.7857 27.2727 27.2727 
5.91549 5.91549 9.13043 9.13043 5.83333 5.83333 5.83333 7.5 7.5 5.83333 5.83333 6.46154 6.46154 6.88525 6.88525 6.17647 6.17647 6.77419 6.77419 6.77419 9.13043 9.13043 7.5 7.5 7.63636 7.63636 
21.1268 21.1268 32.6087 32.6087 20.8333 20.8333 20.8333 26.7857 26.7857 20.8333 20.8333 23.0769 23.0769 24.5902 24.5902 22.0588 22.0588 24.1935 24.1935 24.1935 32.6087 32.6087 26.7857 26.7857 27.2727 27.2727 
21.1268 21.1268 32.6087 32.6087 20.8333 20.8333 20.8333 26.7857 26.7857 20.8333 20.8333 23.0769 23.0769 24.5902 24.5902 22.0588 22.0588 24.1935 24.1935 24.1935 32.6087 32.6087 26.7857 26.7857 27.2727 27.2727 
9.29577 9.29577 14.3478 14.3478 9.16667 9.16667 9.16667 11.7857 11.7857 9.16667 9.16667 10.1538 10.1538 10.8197 10.8197 9.70588 9.70588 10.6452 10.6452 10.6452 14.3478 14.3478 11.7857 11.7857 12 12 
21.1268 21.1268 32.6087 32.6087 20.8333 20.8333 20.8333 26.7857 26.7857 20.8333 20.8333 23.0769 23.0769 24.5902 24.5902 22.0588 22.0588 24.1935 24.1935 24.1935 32.6087 32.6087 26.7857 26.7857 27.2727 27.2727 
21.1268 21.1268 32.6087 32.6087 20.8333 20.8333 20.8333 26.7857 26.7857 20.8333 20.8333 23.0769 23.0769 24.5902 24.5902 22.0588 22.0588 24.1935 24.1935 24.1935 32.6087 32.6087 26.7857 26.7857 27.2727 27.2727 
21.1268 21.1268 32.6087 32.6087 20.8333 20.8333 20.8333 26.7857 26.7857 20.8333 20.8333 23.0769 23.0769 24.5902 24.5902 22.0588 22.0588 24.1935 24.1935 24.1935 32.6087 32.6087 26.7857 26.7857 27.2727 27.2727 
21.1268 21.1268 32.6087 32.6087 20.8333 20.8333 20.8333 26.7857 26.7857 20.8333 20.8333 23.0769 23.0769 24.5902 24.5902 22.0588 22.0588 24.1935 24.1935 24.1935 32.6087 32.6087 26.7857 26.7857 27.2727 27.2727 
8.4507 8.4507 13.0435 13.0435 8.33333 8.33333 8.33333 10.7143 10.7143 8.33333 8.33333 9.23077 9.23077 9.83607 9.83607 8.82353 8.82353 9.67742 9.67742 9.67742 13.0435 13.0435 10.7143 10.7143 10.9091 10.9091 
21.1268 21.1268 32.6087 32.6087 20.8333 20.8333 20.8333 26.7857 26.7857 20.8333 20.8333 23.0769 23.0769 24.5902 24.5902 22.0588 22.0588 24.1935 24.1935 24.1935 32.6087 32.6087 26.7857 26.7857 27.2727 27.2727 
21.1268 21.1268 32.6087 32.6087 20.8333 20.8333 20.8333 26.7857 26.7857 20.8333 20.8333 23.0769 23.0769 24.5902 24.5902 22.0588 22.0588 24.1935 24.1935 24.1935 32.6087 32.6087 26.7857 26.7857 27.2727 27.2727 
21.1268 21.1268 32.6087 32.6087 20.8333 20.8333 20.8333 26.7857 26.7857 20.8333 20.8333 23.0769 23.0769 24.5902 24.5902 22.0588 22.0588 24.1935 24.1935 24.1935 32.6087 32.6087 26.7857 26.7857 27.2727 27.2727 
21.1268 21.1268 32.6087 32.6087 20.8333 20.8333 20.8333 26.7857 26.7857 20.8333 20.8333 23.0769 23.0769 24.5902 24.5902 22.0588 22.0588 24.1935 24.1935 24.1935 32.6087 32.6087 26.7857 26.7857 27.2727 27.2727 
21.1268 21.1268 32.6087 32.6087 20.8333 20.8333 20.8333 26.7857 26.7857 20.8333 20.8333 23.0769 23.0769 24.5902 24.5902 22.0588 22.0588 24.1935 24.1935 24.1935 32.6087 32.6087 26.7857 26.7857 27.2727 27.2727 
4.22535 4.22535 6.52174 6.52174 4.16667 4.16667 4.16667 5.35714 5.35714 4.16667 4.16667 4.61538 4.61538 4.91803 4.91803 4.41176 4.41176 4.83871 4.83871 4.83871 6.52174 6.52174 5.35714 5.35714 5.45455 5.45455 
21.1268 21.1268 32.6087 32.6087 20.8333 20.8333 20.8333 26.7857 26.7857 20.8333 20.8333 23.0769 23.0769 24.5902 24.5902 22.0588 22.0588 24.1935 24.1935 24.1935 32.6087 32.6087 26.7857 26.7857 27.2727 27.2727 
21.1268 21.1268 32.6087 32.6087 20.8333 20.8333 20.8333 26.7857 26.7857 20.8333 20.8333 23.0769 23.0769 24.5902 24.5902 22.0588 22.0588 24.1935 24.1935 24.1935 32.6087 32.6087 26.7857 26.7857 27.2727 27.2727 
21.1268 21.1268 32.6087 32.6087 20.8333 20.8333 20.8333 26.7857 26.7857 20.8333 20.8333 23.0769 23.0769 24.5902 24.5902 22.0588 22.0588 24.1935 24.1935 24.1935 32.6087 32.6087 26.7857 26.7857 27.2727 27.2727 
21.1268 21.1268 32.6087 32.6087 20.8333 20.8333 20.8333 26.7857 26.7857 20.8333 20.8333 23.0769 23.0769 24.5902 24.5902 22.0588 22.0588 24.1935 24.1935 24.1935 32.6087 32.6087 26.7857 26.7857 27.2727 27.2727 
10.1408 10.1408 15.6522 15.6522 10 10 10 12.8571 12.8571 10 10 11.0769 11.0769 11.8033 11.8033 10.5882 10.5882 11.6129 11.6129 11.6129 15.6522 15.6522 12.8571 12.8571 13.0909 13.0909 
21.1268 21.1268 32.6087 32.6087 20.8333 20.8333 20.8333 26.7857 26.7857 20.8333 20.8333 23.0769 23.0769 24.5902 24.5902 22.0588 22.0588 24.1935 24.1935 24.1935 32.6087 32.6087 26.7857 26.7857 27.2727 27.2727 
21.1268 21.1268 32.6087 32.6087 20.8333 20.8333 20.8333 26.7857 26.7857 20.8333 20.8333 23.0769 23.0769 24.5902 24.5902 22.0588 22.0588 24.1935 24.1935 24.1935 32.6087 32.6087 26.7857 26.7857 27.2727 27.2727 
21.1268 21.1268 32.6087 32.6087 20.8333 20.8333 20.8333 26.7857 26.7857 20.8333 20.8333 23.0769 23.0769 24.5902 24.5902 22.0588 22.0588 24.1935 24.1935 24.1935 32.6087 32.6087 26.7857 26.7857 27.2727 27.2727 
21.1268 21.1268 32.6087 32.6087 20.8333 20.8333 20.8333 26.7857 26.7857 20.8333 20.8333 23.0769 23.0769 24.5902 24.5902 22.0588 22.0588 24.1935 24.1935 24.1935 32.6087 32.6087 26.7857 26.7857 27.2727 27.2727 
10.9859 10.9859 16.9565 16.9565 10.8333 10.8333 10.8333 13.9286 13.9286 10.8333 10.8333 12 12 12.7869 12.7869 11.4706 11.4706 12.5806 12.5806 12.5806 16.9565 16.9565 13.9286 13.9286 14.1818 14.1818 
21.1268 21.1268 32.6087 32.6087 20.8333 20.8333 20.8333 26.7857 26.7857 20.8333 20.8333 23.0769 23.0769 24.5902 24.5902 22.0588 22.0588 24.1935 24.1935 24.1935 32.6087 32.6087 26.7857 26.7857 27.2727 27.2727 
21.1268 21.1268 32.6087 32.6087 20.8333 20.8333 20.8333 26.7857 26.7857 20.8333 20.8333 23.0769 23.0769 24.5902 24.5902 22.0588 22.0588 24.1935 24.1935 24.1935 32.6087 32.6087 26.7857 26.7857 27.2727 27.2727 
21.1268 21.1268 32.6087 32.6087 20.8333 20.8333 20.8333 26.7857 26.7857 20.8333 20.8333 23.0769 23.0769 24.5902 24.5902 22.0588 22.0588 24.1935 24.1935 24.1935 32.6087 32.6087 26.7857 26.7857 27.2727 27.2727 
21.1268 21.1268 32.6087 32.6087 20.8333 20.8333 20.8333 26.7857 26.7857 20.8333 20.8333 23.0769 23.0769 24.5902 24.5902 22.0588 22.0588 24.1935 24.1935 24.1935 32.6087 32.6087 26.7857 26.7857 27.2727 27.2727 
21.1268 21.1268 32.6087 32.6087 20.8333 20.8333 20.8333 26.7857 26.7857 20.8333 20.8333 23.0769 23.0769 24.5902 24.5902 22.0588 22.0588 24.1935 24.1935 24.1935 32.6087 32.6087 26.7857 26.7857 27.2727 27.2727 
21.1268 21.1268 32.6087 32.6087 20.8333 20.8333 20.8333 26.7857 26.7857 20.8333 20.8333 23.0769 23.0769 24.5902 24.5902 22.0588 22.0588 24.1935 24.1935 24.1935 32.6087 32.6087 26.7857 26.7857 27.2727 27.2727 
6.76056 6.76056 10.4348 10.4348 6.66667 6.66667 6.66667 8.57143 8.57143 6.66667 6.66667 7.38462 7.38462 7.86885 7.86885 7.05882 7.05882 7.74194 7.74194 7.74194 10.4348 10.4348 8.57143 8.57143 8.72727 8.72727 
21.1268 21.1268 32.6087 32.6087 20.8333 20.8333 20.8333 26.7857 26.7857 20.8333 20.8333 23.0769 23.0769 24.5902 24.5902 22.0588 22.0588 24.1935 24.1935 24.1935 32.6087 32.6087 26.7857 26.7857 27.2727 27.2727 
21.1268 21.1268 32.6087 32.6087 20.8333 20.8333 20.8333 26.7857 26.7857 20.8333 20.8333 23.0769 23.0769 24.5902 24.5902 22.0588 22.0588 24.1935 24.1935 24.1935 32.6087 32.6087 26.7857 26.7857 27.2727 27.2727 
21.1268 21.1268 32.6087 32.6087 20.8333 20.8333 20.8333 26.7857 26.7857 20.8333 20.8333 23.0769 23.0769 24.5902 24.5902 22.0588 22.0588 24.1935 24.1935 24.1935 32.6087 32.6087 26.7857 26.7857 27.2727 27.2727 
21.1268 21.1268 32.6087 32.6087 20.8333 20.8333 20.8333 26.7857 26.7857 20.8333 20.8333 23.0769 23.0769 24.5902 24.5902 22.0588 22.0588 24.1935 24.1935 24.1935 32.6087 32.6087 26.7857 26.7857 27.2727 27.2727 
11.831 11.831 18.2609 18.2609 11.6667 11.6667 11.6667 15 15 11.6667 11.6667 12.9231 12.9231 13.7705 13.7705 12.3529 12.3529 13.5484 13.5484 13.5484 18.2609 18.2609 15 15 15.2727 15.2727 
21.1268 21.1268 32.6087 32.6087 20.8333 20.8333 20.8333 26.7857 26.7857 20.8333 20.8333 23.0769 23.0769 24.5902 24.5902 22.0588 22.0588 24.1935 24.1935 24.1935 32.6087 32.6087 26.7857 26.7857 27.2727 27.2727 
21.1268 21.1268 32.6087 32.6087 20.8333 20.8333 20.8333 26.7857 26.7857 20.8333 20.8333 23.0769 23.0769 24.5902 24.5902 22.0588 22.0588 24.1935 24.1935 24.1935 32.6087 32.6087 26.7857 26.7857 27.2727 27.2727 
21.1268 21.1268 32.6087 32.6087 20.8333 20.8333 20.8333 26.7857 26.7857 20.8333 20.8333 23.0769 23.0769 24.5902 24.5902 22.0588 22.0588 24.1935 24.1935 24.1935 32.6087 32.6087 26.7857 26.7857 27.2727 27.2727 
21.1268 21.1268 32.6087 32.6087 20.8333 20.8333 20.8333 26.7857 26.7857 20.8333 20.8333 23.0769 23.0769 24.5902 24.5902 22.0588 22.0588 24.1935 24.1935 24.1935 32.6087 32.6087 26.7857 26.7857 27.2727 27.2727 
21.1268 21.1268 32.6087 32.6087 20.8333 20.8333 20.8333 26.7857 26.7857 20.8333 20.8333 23.0769 23.0769 24.5902 24.5902 22.0588 22.0588 24.1935 24.1935 24.1935 32.6087 32.6087 26.7857 26.7857 27.2727 27.2727 
3.38028 3.38028 5.21739 5.21739 3.33333 3.33333 3.33333 4.28571 4.28571 3.33333 3.33333 3.69231 3.69231 3.93443 3.93443 3.52941 3.52941 3.87097 3.87097 3.87097 5.21739 5.21739 4.28571 4.28571 4.36364 4.36364 

30 30 43 43 32 32 32 31 31 32 32 30 30 41 41 35 35 30 30 30 44 44 30 30 26 26 

1 1 1 1 1 1 1 1 1 1 1 1 1 1 1 1 1 1 1 1 1 1 1 1 1 1 
1 1 1 1 1 1 1 1 1 1 1 1 1 1 1 1 1 1 1 1 1 1 1 1 1 1 
1 1 1 1 1 1 1 1 1 1 1 1 1 1 1 1 1 1 1 1 1 1 1 1 1 1 
1 1 1 1 1 1 1 1 1 1 1 1 1 1 1 1 1 1 1 1 1 1 1 1 1 1 
1 1 1 1 1 1 1 1 1 1 1 1 1 1 1 1 1 1 1 1 1 1 1 1 1 1 
1 1 1 1 1 1 1 1 1 1 1 1 1 1 1 1 1 1 1 1 1 1 1 1 1 1 
1 1 1 1 1 1 1 1 1 1 1 1 1 1 1 1 1 1 1 1 1 1 1 1 1 1 
1 1 1 1 1 1 1 1 1 1 1 1 1 1 1 1 1 1 1 1 1 1 1 1 1 1 
1 1 1 1 1 1 1 1 1 1 1 1 1 1 1 1 1 1 1 1 1 1 1 1 1 1 
1 1 1 1 1 1 1 1 1 1 1 1 1 1 1 1 1 1 1 1 1 1 1 1 1 1 
1 1 1 1 1 1 1 1 1 1 1 1 1 1 1 1 1 1 1 1 1 1 1 1 1 1 
1 1 1 1 1 1 1 1 1 1 1 1 1 1 1 1 1 1 1 1 1 1 1 1 1 1 
1 1 1 1 1 1 1 1 1 1 1 1 1 1 1 1 1 1 1 1 1 1 1 1 1 1 
1 1 1 1 1 1 1 1 1 1 1 1 1 1 1 1 1 1 1 1 1 1 1 1 1 1 
1 1 1 1 1 1 1 1 1 1 1 1 1 1 1 1 1 1 1 1 1 1 1 1 1 1 
1 1 1 1 1 1 1 1 1 1 1 1 1 1 1 1 1 1 1 1 1 1 1 1 1 1 
1 1 1 1 1 1 1 1 1 1 1 1 1 1 1 1 1 1 1 1 1 1 1 1 1 1 
1 1 1 1 1 1 1 1 1 1 1 1 1 1 1 1 1 1 1 1 1 1 1 1 1 1 
1 1 1 1 1 1 1 1 1 1 1 1 1 1 1 1 1 1 1 1 1 1 1 1 1 1 
1 1 1 1 1 1 1 1 1 1 1 1 1 1 1 1 1 1 1 1 1 1 1 1 1 1 
1 1 1 1 1 1 1 1 1 1 1 1 1 1 1 1 1 1 1 1 1 1 1 1 1 1 
1 1 1 1 1 1 1 1 1 1 1 1 1 1 1 1 1 1 1 1 1 1 1 1 1 1 
1 1 1 1 1 1 1 1 1 1 1 1 1 1 1 1 1 1 1 1 1 1 1 1 1 1 
1 1 1 1 1 1 1 1 1 1 1 1 1 1 1 1 1 1 1 1 1 1 1 1 1 1 
1 1 1 1 1 1 1 1 1 1 1 1 1 1 1 1 1 1 1 1 1 1 1 1 1 1 
1 1 1 1 1 1 1 1 1 1 1 1 1 1 1 1 1 1 1 1 1 1 1 1 1 1 
1 1 1 1 1 1 1 1 1 1 1 1 1 1 1 1 1 1 1 1 1 1 1 1 1 1 
1 1 1 1 1 1 1 1 1 1 1 1 1 1 1 1 1 1 1 1 1 1 1 1 1 1 
1 1 1 1 1 1 1 1 1 1 1 1 1 1 1 1 1 1 1 1 1 1 1 1 1 1 
1 1 1 1 1 1 1 1 1 1 1 1 1 1 1 1 1 1 1 1 1 1 1 1 1 1 
1 1 1 1 1 1 1 1 1 1 1 1 1 1 1 1 1 1 1 1 1 1 1 1 1 1 
1 1 1 1 1 1 1 1 1 1 1 1 1 1 1 1 1 1 1 1 1 1 1 1 1 1 
1 1 1 1 1 1 1 1 1 1 1 1 1 1 1 1 1 1 1 1 1 1 1 1 1 1 
1 1 1 1 1 1 1 1 1 1 1 1 1 1 1 1 1 1 1 1 1 1 1 1 1 1 
1 1 1 1 1 1 1 1 1 1 1 1 1 1 1 1 1 1 1 1 1 1 1 1 1 1 
1 1 1 1 1 1 1 1 1 1 1 1 1 1 1 1 1 1 1 1 1 1 1 1 1 1 
1 1 1 1 1 1 1 1 1 1 1 1 1 1 1 1 1 1 1 1 1 1 1 1 1 1 
1 1 1 1 1 1 1 1 1 1 1 1 1 1 1 1 1 1 1 1 1 1 1 1 1 1 
1 1 1 1 1 1 1 1 1 1 1 1 1 1 1 1 1 1 1 1 1 1 1 1 1 1 
1 1 1 1 1 1 1 1 1 1 1 1 1 1 1 1 1 1 1 1 1 1 1 1 1 1 
1 1 1 1 1 1 1 1 1 1 1 1 1 1 1 1 1 1 1 1 1 1 1 1 1 1 
1 1 1 1 1 1 1 1 1 1 1 1 1 1 1 1 1 1 1 1 1 1 1 1 1 1 
1 1 1 1 1 1 1 1 1 1 1 1 1 1 1 1 1 1 1 1 1 1 1 1 1 1 
1 1 1 1 1 1 1 1 1 1 1 1 1 1 1 1 1 1 1 1 1 1 1 1 1 1 
1 1 1 1 1 1 1 1 1 1 1 1 1 1 1 1 1 1 1 1 1 1 1 1 1 1 
1 1 1 1 1 1 1 1 1 1 1 1 1 1 1 1 1 1 1 1 1 1 1 1 1 1 
1 1 1 1 1 1 1 1 1 1 1 1 1 1 1 1 1 1 1 1 1 1 1 1 1 1 
1 1 1 1 1 1 1 1 1 1 1 1 1 1 1 1 1 1 1 1 1 1 1 1 1 1 
1 1 1 1 1 1 1 1 1 1 1 1 1 1 1 1 1 1 1 1 1 1 1 1 1 1 
1 1 1 1 1 1 1 1 1 1 1 1 1 1 1 1 1 1 1 1 1 1 1 1 1 1 
1 1 1 1 1 1 1 1 1 1 1 1 1 1 1 1 1 1 1 1 1 1 1 1 1 1 
1 1 1 1 1 1 1 1 1 1 1 1 1 1 1 1 1 1 1 1 1 1 1 1 1 1 
1 1 1 1 1 1 1 1 1 1 1 1 1 1 1 1 1 1 1 1 1 1 1 1 1 1 
1 1 1 1 1 1 1 1 1 1 1 1 1 1 1 1 1 1 1 1 1 1 1 1 1 1 
1 1 1 1 1 1 1 1 1 1 1 1 1 1 1 1 1 1 1 1 1 1 1 1 1 1 
1 1 1 1 1 1 1 1 1 1 1 1 1 1 1 1 1 1 1 1 1 1 1 1 1 1 
1 1 1 1 1 1 1 1 1 1 1 1 1 1 1 1 1 1 1 1 1 1 1 1 1 1 
1 1 1 1 1 1 1 1 1 1 1 1 1 1 1 1 1 1 1 1 1 1 1 1 1 1 
1 1 1 1 1 1 1 1 1 1 1 1 1 1 1 1 1 1 1 1 1 1 1 1 1 1 
1 1 1 1 1 1 1 1 1 1 1 1 1 1 1 1 1 1 1 1 1 1 1 1 1 1 
1 1 1 1 1 1 1 1 1 1 1 1 1 1 1 1 1 1 1 1 1 1 1 1 1 1 
1 1 1 1 1 1 1 1 1 1 1 1 1 1 1 1 1 1 1 1 1 1 1 1 1 1 
1 1 1 1 1 1 1 1 1 1 1 1 1 1 1 1 1 1 1 1 1 1 1 1 1 1 
1 1 1 1 1 1 1 1 1 1 1 1 1 1 1 1 1 1 1 1 1 1 1 1 1 1 
1 1 1 1 1 1 1 1 1 1 1 1 1 1 1 1 1 1 1 1 1 1 1 1 1 1 
1 1 1 1 1 1 1 1 1 1 1 1 1 1 1 1 1 1 1 1 1 1 1 1 1 1 
1 1 1 1 1 1 1 1 1 1 1 1 1 1 1 1 1 1 1 1 1 1 1 1 1 1 

29 
14 

2 
2 
3 
2 
2 
2 
2 
1 
2 
3 
2 
2 
2 
2 

67 

88 88 62 62 88 88 88 78 78 93 93 68 68 100 100 93 71 71 100 100 100 78 78 62 62 60 60 83 83 
88 88 62 62 88 88 88 78 78 93 93 68 68 100 100 93 71 71 100 100 100 78 78 62 62 60 60 83 83 
88 88 62 62 88 88 88 78 78 93 93 68 68 100 100 93 71 71 100 100 100 78 78 62 62 60 60 83 83 
42 42 30 30 42 42 42 37 37 45 45 32 32 48 48 45 34 34 48 48 48 37 37 30 30 28 28 40 40 
88 88 62 62 88 88 88 78 78 93 93 68 68 100 100 93 71 71 100 100 100 78 78 62 62 60 60 83 83 
88 88 62 62 88 88 88 78 78 93 93 68 68 100 100 93 71 71 100 100 100 78 78 62 62 60 60 83 83 
74 74 52 52 74 74 74 66 66 78 78 57 57 84 84 78 60 60 84 84 84 66 66 52 52 50 50 70 70 
88 88 62 62 88 88 88 78 78 93 93 68 68 100 100 93 71 71 100 100 100 78 78 62 62 60 60 83 83 
88 88 62 62 88 88 88 78 78 93 93 68 68 100 100 93 71 71 100 100 100 78 78 62 62 60 60 83 83 
88 88 62 62 88 88 88 78 78 93 93 68 68 100 100 93 71 71 100 100 100 78 78 62 62 60 60 83 83 
88 88 62 62 88 88 88 78 78 93 93 68 68 100 100 93 71 71 100 100 100 78 78 62 62 60 60 83 83 
52 52 37 37 52 52 52 47 47 56 56 40 40 60 60 56 42 42 60 60 60 47 47 37 37 36 36 50 50 
88 88 62 62 88 88 88 78 78 93 93 68 68 100 100 93 71 71 100 100 100 78 78 62 62 60 60 83 83 
88 88 62 62 88 88 88 78 78 93 93 68 68 100 100 93 71 71 100 100 100 78 78 62 62 60 60 83 83 
88 88 62 62 88 88 88 78 78 93 93 68 68 100 100 93 71 71 100 100 100 78 78 62 62 60 60 83 83 
88 88 62 62 88 88 88 78 78 93 93 68 68 100 100 93 71 71 100 100 100 78 78 62 62 60 60 83 83 
88 88 62 62 88 88 88 78 78 93 93 68 68 100 100 93 71 71 100 100 100 78 78 62 62 60 60 83 83 
88 88 62 62 88 88 88 78 78 93 93 68 68 100 100 93 71 71 100 100 100 78 78 62 62 60 60 83 83 
17 17 12 12 17 17 17 15 15 18 18 13 13 20 20 18 14 14 20 20 20 15 15 12 12 12 12 16 16 
88 88 62 62 88 88 88 78 78 93 93 68 68 100 100 93 71 71 100 100 100 78 78 62 62 60 60 83 83 
88 88 62 62 88 88 88 78 78 93 93 68 68 100 100 93 71 71 100 100 100 78 78 62 62 60 60 83 83 
88 88 62 62 88 88 88 78 78 93 93 68 68 100 100 93 71 71 100 100 100 78 78 62 62 60 60 83 83 
88 88 62 62 88 88 88 78 78 93 93 68 68 100 100 93 71 71 100 100 100 78 78 62 62 60 60 83 83 
88 88 62 62 88 88 88 78 78 93 93 68 68 100 100 93 71 71 100 100 100 78 78 62 62 60 60 83 83 
24 24 17 17 24 24 24 22 22 26 26 19 19 28 28 26 20 20 28 28 28 22 22 17 17 16 16 23 23 
88 88 62 62 88 88 88 78 78 93 93 68 68 100 100 93 71 71 100 100 100 78 78 62 62 60 60 83 83 
88 88 62 62 88 88 88 78 78 93 93 68 68 100 100 93 71 71 100 100 100 78 78 62 62 60 60 83 83 
38 38 27 27 38 38 38 34 34 41 41 30 30 44 44 41 31 31 44 44 44 34 34 27 27 26 26 36 36 
88 88 62 62 88 88 88 78 78 93 93 68 68 100 100 93 71 71 100 100 100 78 78 62 62 60 60 83 83 
88 88 62 62 88 88 88 78 78 93 93 68 68 100 100 93 71 71 100 100 100 78 78 62 62 60 60 83 83 
88 88 62 62 88 88 88 78 78 93 93 68 68 100 100 93 71 71 100 100 100 78 78 62 62 60 60 83 83 
88 88 62 62 88 88 88 78 78 93 93 68 68 100 100 93 71 71 100 100 100 78 78 62 62 60 60 83 83 
35 35 25 25 35 35 35 31 31 37 37 27 27 40 40 37 28 28 40 40 40 31 31 25 25 24 24 33 33 
88 88 62 62 88 88 88 78 78 93 93 68 68 100 100 93 71 71 100 100 100 78 78 62 62 60 60 83 83 
88 88 62 62 88 88 88 78 78 93 93 68 68 100 100 93 71 71 100 100 100 78 78 62 62 60 60 83 83 
88 88 62 62 88 88 88 78 78 93 93 68 68 100 100 93 71 71 100 100 100 78 78 62 62 60 60 83 83 
88 88 62 62 88 88 88 78 78 93 93 68 68 100 100 93 71 71 100 100 100 78 78 62 62 60 60 83 83 
88 88 62 62 88 88 88 78 78 93 93 68 68 100 100 93 71 71 100 100 100 78 78 62 62 60 60 83 83 
17 17 12 12 17 17 17 15 15 18 18 13 13 20 20 18 14 14 20 20 20 15 15 12 12 12 12 16 16 
88 88 62 62 88 88 88 78 78 93 93 68 68 100 100 93 71 71 100 100 100 78 78 62 62 60 60 83 83 
88 88 62 62 88 88 88 78 78 93 93 68 68 100 100 93 71 71 100 100 100 78 78 62 62 60 60 83 83 
88 88 62 62 88 88 88 78 78 93 93 68 68 100 100 93 71 71 100 100 100 78 78 62 62 60 60 83 83 
88 88 62 62 88 88 88 78 78 93 93 68 68 100 100 93 71 71 100 100 100 78 78 62 62 60 60 83 83 
42 42 30 30 42 42 42 37 37 45 45 32 32 48 48 45 34 34 48 48 48 37 37 30 30 28 28 40 40 
88 88 62 62 88 88 88 78 78 93 93 68 68 100 100 93 71 71 100 100 100 78 78 62 62 60 60 83 83 
88 88 62 62 88 88 88 78 78 93 93 68 68 100 100 93 71 71 100 100 100 78 78 62 62 60 60 83 83 
88 88 62 62 88 88 88 78 78 93 93 68 68 100 100 93 71 71 100 100 100 78 78 62 62 60 60 83 83 
88 88 62 62 88 88 88 78 78 93 93 68 68 100 100 93 71 71 100 100 100 78 78 62 62 60 60 83 83 
45 45 32 32 45 45 45 41 41 48 48 35 35 52 52 48 37 37 52 52 52 41 41 32 32 31 31 43 43 
88 88 62 62 88 88 88 78 78 93 93 68 68 100 100 93 71 71 100 100 100 78 78 62 62 60 60 83 83 
88 88 62 62 88 88 88 78 78 93 93 68 68 100 100 93 71 71 100 100 100 78 78 62 62 60 60 83 83 
88 88 62 62 88 88 88 78 78 93 93 68 68 100 100 93 71 71 100 100 100 78 78 62 62 60 60 83 83 
88 88 62 62 88 88 88 78 78 93 93 68 68 100 100 93 71 71 100 100 100 78 78 62 62 60 60 83 83 
88 88 62 62 88 88 88 78 78 93 93 68 68 100 100 93 71 71 100 100 100 78 78 62 62 60 60 83 83 
88 88 62 62 88 88 88 78 78 93 93 68 68 100 100 93 71 71 100 100 100 78 78 62 62 60 60 83 83 
28 28 20 20 28 28 28 25 25 30 30 21 21 32 32 30 22 22 32 32 32 25 25 20 20 19 19 26 26 
88 88 62 62 88 88 88 78 78 93 93 68 68 100 100 93 71 71 100 100 100 78 78 62 62 60 60 83 83 
88 88 62 62 88 88 88 78 78 93 93 68 68 100 100 93 71 71 100 100 100 78 78 62 62 60 60 83 83 
88 88 62 62 88 88 88 78 78 93 93 68 68 100 100 93 71 71 100 100 100 78 78 62 62 60 60 83 83 
88 88 62 62 88 88 88 78 78 93 93 68 68 100 100 93 71 71 100 100 100 78 78 62 62 60 60 83 83 
49 49 35 35 49 49 49 44 44 52 52 38 38 56 56 52 40 40 56 56 56 44 44 35 35 33 33 46 46 
88 88 62 62 88 88 88 78 78 93 93 68 68 100 100 93 71 71 100 100 100 78 78 62 62 60 60 83 83 
88 88 62 62 88 88 88 78 78 93 93 68 68 100 100 93 71 71 100 100 100 78 78 62 62 60 60 83 83 
88 88 62 62 88 88 88 78 78 93 93 68 68 100 100 93 71 71 100 100 100 78 78 62 62 60 60 83 83 
88 88 62 62 88 88 88 78 78 93 93 68 68 100 100 93 71 71 100 100 100 78 78 62 62 60 60 83 83 
88 88 62 62 88 88 88 78 78 93 93 68 68 100 100 93 71 71 100 100 100 78 78 62 62 60 60 83 83 
14 14 10 10 14 14 14 12 12 15 15 10 10 16 16 15 11 11 16 16 16 12 12 10 10 9 9 13 13 

33 
33 
37 
37 
34 
34 
34 
38 
38 
31 
31 
29 
29 
40 
40 
26 
36 
36 
31 
31 
31 
27 
27 
35 
35 
44 
44 
39 
39 

1 1 1 1 1 1 1 1 1 1 1 1 1 1 1 1 1 1 1 1 1 1 1 1 1 1 1 1 1 
1 1 1 1 1 1 1 1 1 1 1 1 1 1 1 1 1 1 1 1 1 1 1 1 1 1 1 1 1 
1 1 1 1 1 1 1 1 1 1 1 1 1 1 1 1 1 1 1 1 1 1 1 1 1 1 1 1 1 
1 1 1 1 1 1 1 1 1 1 1 1 1 1 1 1 1 1 1 1 1 1 1 1 1 1 1 1 1 
1 1 1 1 1 1 1 1 1 1 1 1 1 1 1 1 1 1 1 1 1 1 1 1 1 1 1 1 1 
1 1 1 1 1 1 1 1 1 1 1 1 1 1 1 1 1 1 1 1 1 1 1 1 1 1 1 1 1 
1 1 1 1 1 1 1 1 1 1 1 1 1 1 1 1 1 1 1 1 1 1 1 1 1 1 1 1 1 
1 1 1 1 1 1 1 1 1 1 1 1 1 1 1 1 1 1 1 1 1 1 1 1 1 1 1 1 1 
1 1 1 1 1 1 1 1 1 1 1 1 1 1 1 1 1 1 1 1 1 1 1 1 1 1 1 1 1 
1 1 1 1 1 1 1 1 1 1 1 1 1 1 1 1 1 1 1 1 1 1 1 1 1 1 1 1 1 
1 1 1 1 1 1 1 1 1 1 1 1 1 1 1 1 1 1 1 1 1 1 1 1 1 1 1 1 1 
1 1 1 1 1 1 1 1 1 1 1 1 1 1 1 1 1 1 1 1 1 1 1 1 1 1 1 1 1 
1 1 1 1 1 1 1 1 1 1 1 1 1 1 1 1 1 1 1 1 1 1 1 1 1 1 1 1 1 
1 1 1 1 1 1 1 1 1 1 1 1 1 1 1 1 1 1 1 1 1 1 1 1 1 1 1 1 1 
1 1 1 1 1 1 1 1 1 1 1 1 1 1 1 1 1 1 1 1 1 1 1 1 1 1 1 1 1 
1 1 1 1 1 1 1 1 1 1 1 1 1 1 1 1 1 1 1 1 1 1 1 1 1 1 1 1 1 
1 1 1 1 1 1 1 1 1 1 1 1 1 1 1 1 1 1 1 1 1 1 1 1 1 1 1 1 1 
1 1 1 1 1 1 1 1 1 1 1 1 1 1 1 1 1 1 1 1 1 1 1 1 1 1 1 1 1 
1 1 1 1 1 1 1 1 1 1 1 1 1 1 1 1 1 1 1 1 1 1 1 1 1 1 1 1 1 
1 1 1 1 1 1 1 1 1 1 1 1 1 1 1 1 1 1 1 1 1 1 1 1 1 1 1 1 1 
1 1 1 1 1 1 1 1 1 1 1 1 1 1 1 1 1 1 1 1 1 1 1 1 1 1 1 1 1 
1 1 1 1 1 1 1 1 1 1 1 1 1 1 1 1 1 1 1 1 1 1 1 1 1 1 1 1 1 
1 1 1 1 1 1 1 1 1 1 1 1 1 1 1 1 1 1 1 1 1 1 1 1 1 1 1 1 1 
1 1 1 1 1 1 1 1 1 1 1 1 1 1 1 1 1 1 1 1 1 1 1 1 1 1 1 1 1 
1 1 1 1 1 1 1 1 1 1 1 1 1 1 1 1 1 1 1 1 1 1 1 1 1 1 1 1 1 
1 1 1 1 1 1 1 1 1 1 1 1 1 1 1 1 1 1 1 1 1 1 1 1 1 1 1 1 1 
1 1 1 1 1 1 1 1 1 1 1 1 1 1 1 1 1 1 1 1 1 1 1 1 1 1 1 1 1 
1 1 1 1 1 1 1 1 1 1 1 1 1 1 1 1 1 1 1 1 1 1 1 1 1 1 1 1 1 
1 1 1 1 1 1 1 1 1 1 1 1 1 1 1 1 1 1 1 1 1 1 1 1 1 1 1 1 1 
1 1 1 1 1 1 1 1 1 1 1 1 1 1 1 1 1 1 1 1 1 1 1 1 1 1 1 1 1 
1 1 1 1 1 1 1 1 1 1 1 1 1 1 1 1 1 1 1 1 1 1 1 1 1 1 1 1 1 
1 1 1 1 1 1 1 1 1 1 1 1 1 1 1 1 1 1 1 1 1 1 1 1 1 1 1 1 1 
1 1 1 1 1 1 1 1 1 1 1 1 1 1 1 1 1 1 1 1 1 1 1 1 1 1 1 1 1 
1 1 1 1 1 1 1 1 1 1 1 1 1 1 1 1 1 1 1 1 1 1 1 1 1 1 1 1 1 
1 1 1 1 1 1 1 1 1 1 1 1 1 1 1 1 1 1 1 1 1 1 1 1 1 1 1 1 1 
1 1 1 1 1 1 1 1 1 1 1 1 1 1 1 1 1 1 1 1 1 1 1 1 1 1 1 1 1 
1 1 1 1 1 1 1 1 1 1 1 1 1 1 1 1 1 1 1 1 1 1 1 1 1 1 1 1 1 
1 1 1 1 1 1 1 1 1 1 1 1 1 1 1 1 1 1 1 1 1 1 1 1 1 1 1 1 1 
1 1 1 1 1 1 1 1 1 1 1 1 1 1 1 1 1 1 1 1 1 1 1 1 1 1 1 1 1 
1 1 1 1 1 1 1 1 1 1 1 1 1 1 1 1 1 1 1 1 1 1 1 1 1 1 1 1 1 
1 1 1 1 1 1 1 1 1 1 1 1 1 1 1 1 1 1 1 1 1 1 1 1 1 1 1 1 1 
1 1 1 1 1 1 1 1 1 1 1 1 1 1 1 1 1 1 1 1 1 1 1 1 1 1 1 1 1 
1 1 1 1 1 1 1 1 1 1 1 1 1 1 1 1 1 1 1 1 1 1 1 1 1 1 1 1 1 
1 1 1 1 1 1 1 1 1 1 1 1 1 1 1 1 1 1 1 1 1 1 1 1 1 1 1 1 1 
1 1 1 1 1 1 1 1 1 1 1 1 1 1 1 1 1 1 1 1 1 1 1 1 1 1 1 1 1 
1 1 1 1 1 1 1 1 1 1 1 1 1 1 1 1 1 1 1 1 1 1 1 1 1 1 1 1 1 
1 1 1 1 1 1 1 1 1 1 1 1 1 1 1 1 1 1 1 1 1 1 1 1 1 1 1 1 1 
1 1 1 1 1 1 1 1 1 1 1 1 1 1 1 1 1 1 1 1 1 1 1 1 1 1 1 1 1 
1 1 1 1 1 1 1 1 1 1 1 1 1 1 1 1 1 1 1 1 1 1 1 1 1 1 1 1 1 
1 1 1 1 1 1 1 1 1 1 1 1 1 1 1 1 1 1 1 1 1 1 1 1 1 1 1 1 1 
1 1 1 1 1 1 1 1 1 1 1 1 1 1 1 1 1 1 1 1 1 1 1 1 1 1 1 1 1 
1 1 1 1 1 1 1 1 1 1 1 1 1 1 1 1 1 1 1 1 1 1 1 1 1 1 1 1 1 
1 1 1 1 1 1 1 1 1 1 1 1 1 1 1 1 1 1 1 1 1 1 1 1 1 1 1 1 1 
1 1 1 1 1 1 1 1 1 1 1 1 1 1 1 1 1 1 1 1 1 1 1 1 1 1 1 1 1 
1 1 1 1 1 1 1 1 1 1 1 1 1 1 1 1 1 1 1 1 1 1 1 1 1 1 1 1 1 
1 1 1 1 1 1 1 1 1 1 1 1 1 1 1 1 1 1 1 1 1 1 1 1 1 1 1 1 1 
1 1 1 1 1 1 1 1 1 1 1 1 1 1 1 1 1 1 1 1 1 1 1 1 1 1 1 1 1 
1 1 1 1 1 1 1 1 1 1 1 1 1 1 1 1 1 1 1 1 1 1 1 1 1 1 1 1 1 
1 1 1 1 1 1 1 1 1 1 1 1 1 1 1 1 1 1 1 1 1 1 1 1 1 1 1 1 1 
1 1 1 1 1 1 1 1 1 1 1 1 1 1 1 1 1 1 1 1 1 1 1 1 1 1 1 1 1 
1 1 1 1 1 1 1 1 1 1 1 1 1 1 1 1 1 1 1 1 1 1 1 1 1 1 1 1 1 
1 1 1 1 1 1 1 1 1 1 1 1 1 1 1 1 1 1 1 1 1 1 1 1 1 1 1 1 1 
1 1 1 1 1 1 1 1 1 1 1 1 1 1 1 1 1 1 1 1 1 1 1 1 1 1 1 1 1 
1 1 1 1 1 1 1 1 1 1 1 1 1 1 1 1 1 1 1 1 1 1 1 1 1 1 1 1 1 
1 1 1 1 1 1 1 1 1 1 1 1 1 1 1 1 1 1 1 1 1 1 1 1 1 1 1 1 1 
1 1 1 1 1 1 1 1 1 1 1 1 1 1 1 1 1 1 1 1 1 1 1 1 1 1 1 1 1 
1 1 1 1 1 1 1 1 1 1 1 1 1 1 1 1 1 1 1 1 1 1 1 1 1 1 1 1 1 

14 
0 1 1 1 1 1 1 1 1 1 1 1 1 1 1 1 1 1 1 1 1 1 1 1 1 1 1 1 1 1 1 1 1 1 1 1 1 1 1 1 1 1 1 1 1 1 1 1 1 1 1 1 1 1 1 1 1 1 1 1 1 1 1 1 1 1 1 1 
0 0 0 0 0 1 1 1 1 1 1 1 1 1 1 1 1 1 1 1 1 1 1 1 1 1 1 1 1 1 1 1 1 1 1 1 1 1 1 1 1 1 1 1 1 1 1 1 1 1 1 1 1 1 1 1 1 1 1 1 1 1 1 1 1 1 1 1 
0 0 0 0 0 1 1 1 1 1 1 1 1 1 1 1 1 1 1 1 1 1 1 1 1 1 1 1 1 1 1 1 1 1 1 1 1 1 1 1 1 1 1 1 1 1 1 1 1 1 1 1 1 1 1 1 1 1 1 1 1 1 1 1 1 1 1 1 
0 0 0 0 0 1 1 1 1 1 1 1 1 1 1 1 1 1 1 1 1 1 1 1 1 1 1 1 1 1 1 1 1 1 1 1 1 1 1 1 1 1 1 1 1 1 1 1 1 1 1 1 1 1 1 1 1 1 1 1 1 1 1 1 1 1 1 1 
0 0 0 0 0 1 1 1 1 1 1 1 1 1 1 1 1 1 1 1 1 1 1 1 1 1 1 1 1 1 1 1 1 1 1 1 1 1 1 1 1 1 1 1 1 1 1 1 1 1 1 1 1 1 1 1 1 1 1 1 1 1 1 1 1 1 1 1 
0 1 1 1 1 0 0 0 1 1 1 1 1 1 1 1 1 1 1 1 1 1 1 1 1 1 1 1 1 1 1 1 1 1 1 1 1 1 1 1 1 1 1 1 1 1 1 1 1 1 1 1 1 1 1 1 1 1 1 1 1 1 1 1 1 1 1 1 
0 1 1 1 1 0 0 0 1 1 1 1 1 1 1 1 1 1 1 1 1 1 1 1 1 1 1 1 1 1 1 1 1 1 1 1 1 1 1 1 1 1 1 1 1 1 1 1 1 1 1 1 1 1 1 1 1 1 1 1 1 1 1 1 1 1 1 1 
0 1 1 1 1 0 0 0 1 1 1 1 1 1 1 1 1 1 1 1 1 1 1 1 1 1 1 1 1 1 1 1 1 1 1 1 1 1 1 1 1 1 1 1 1 1 1 1 1 1 1 1 1 1 1 1 1 1 1 1 1 1 1 1 1 1 1 1 
0 1 1 1 1 1 1 1 0 0 0 0 0 1 1 1 1 1 1 1 1 1 1 1 1 1 1 1 1 1 1 1 1 1 1 1 1 1 1 1 1 1 1 1 1 1 1 1 1 1 1 1 1 1 1 1 1 1 1 1 1 1 1 1 1 1 1 1 
0 1 1 1 1 1 1 1 0 0 0 0 0 1 1 1 1 1 1 1 1 1 1 1 1 1 1 1 1 1 1 1 1 1 1 1 1 1 1 1 1 1 1 1 1 1 1 1 1 1 1 1 1 1 1 1 1 1 1 1 1 1 1 1 1 1 1 1 
0 1 1 1 1 1 1 1 0 0 0 0 0 1 1 1 1 1 1 1 1 1 1 1 1 1 1 1 1 1 1 1 1 1 1 1 1 1 1 1 1 1 1 1 1 1 1 1 1 1 1 1 1 1 1 1 1 1 1 1 1 1 1 1 1 1 1 1 
0 1 1 1 1 1 1 1 0 0 0 0 0 1 1 1 1 1 1 1 1 1 1 1 1 1 1 1 1 1 1 1 1 1 1 1 1 1 1 1 1 1 1 1 1 1 1 1 1 1 1 1 1 1 1 1 1 1 1 1 1 1 1 1 1 1 1 1 
0 1 1 1 1 1 1 1 0 0 0 0 0 1 1 1 1 1 1 1 1 1 1 1 1 1 1 1 1 1 1 1 1 1 1 1 1 1 1 1 1 1 1 1 1 1 1 1 1 1 1 1 1 1 1 1 1 1 1 1 1 1 1 1 1 1 1 1 
0 1 1 1 1 1 1 1 1 1 1 1 1 0 0 0 0 0 0 0 1 1 1 1 1 1 1 1 1 1 1 1 1 1 1 1 1 1 1 1 1 1 1 1 1 1 1 1 1 1 1 1 1 1 1 1 1 1 1 1 1 1 1 1 1 1 1 1 
0 1 1 1 1 1 1 1 1 1 1 1 1 0 0 0 0 0 0 0 1 1 1 1 1 1 1 1 1 1 1 1 1 1 1 1 1 1 1 1 1 1 1 1 1 1 1 1 1 1 1 1 1 1 1 1 1 1 1 1 1 1 1 1 1 1 1 1 
0 1 1 1 1 1 1 1 1 1 1 1 1 0 0 0 0 0 0 0 1 1 1 1 1 1 1 1 1 1 1 1 1 1 1 1 1 1 1 1 1 1 1 1 1 1 1 1 1 1 1 1 1 1 1 1 1 1 1 1 1 1 1 1 1 1 1 1 
0 1 1 1 1 1 1 1 1 1 1 1 1 0 0 0 0 0 0 0 1 1 1 1 1 1 1 1 1 1 1 1 1 1 1 1 1 1 1 1 1 1 1 1 1 1 1 1 1 1 1 1 1 1 1 1 1 1 1 1 1 1 1 1 1 1 1 1 
0 1 1 1 1 1 1 1 1 1 1 1 1 0 0 0 0 0 0 0 1 1 1 1 1 1 1 1 1 1 1 1 1 1 1 1 1 1 1 1 1 1 1 1 1 1 1 1 1 1 1 1 1 1 1 1 1 1 1 1 1 1 1 1 1 1 1 1 
0 1 1 1 1 1 1 1 1 1 1 1 1 0 0 0 0 0 0 0 1 1 1 1 1 1 1 1 1 1 1 1 1 1 1 1 1 1 1 1 1 1 1 1 1 1 1 1 1 1 1 1 1 1 1 1 1 1 1 1 1 1 1 1 1 1 1 1 
0 1 1 1 1 1 1 1 1 1 1 1 1 0 0 0 0 0 0 0 1 1 1 1 1 1 1 1 1 1 1 1 1 1 1 1 1 1 1 1 1 1 1 1 1 1 1 1 1 1 1 1 1 1 1 1 1 1 1 1 1 1 1 1 1 1 1 1 
0 1 1 1 1 1 1 1 1 1 1 1 1 1 1 1 1 1 1 1 0 0 0 0 0 0 1 1 1 1 1 1 1 1 1 1 1 1 1 1 1 1 1 1 1 1 1 1 1 1 1 1 1 1 1 1 1 1 1 1 1 1 1 1 1 1 1 1 
0 1 1 1 1 1 1 1 1 1 1 1 1 1 1 1 1 1 1 1 0 0 0 0 0 0 1 1 1 1 1 1 1 1 1 1 1 1 1 1 1 1 1 1 1 1 1 1 1 1 1 1 1 1 1 1 1 1 1 1 1 1 1 1 1 1 1 1 
0 1 1 1 1 1 1 1 1 1 1 1 1 1 1 1 1 1 1 1 0 0 0 0 0 0 1 1 1 1 1 1 1 1 1 1 1 1 1 1 1 1 1 1 1 1 1 1 1 1 1 1 1 1 1 1 1 1 1 1 1 1 1 1 1 1 1 1 
0 1 1 1 1 1 1 1 1 1 1 1 1 1 1 1 1 1 1 1 0 0 0 0 0 0 1 1 1 1 1 1 1 1 1 1 1 1 1 1 1 1 1 1 1 1 1 1 1 1 1 1 1 1 1 1 1 1 1 1 1 1 1 1 1 1 1 1 
0 1 1 1 1 1 1 1 1 1 1 1 1 1 1 1 1 1 1 1 0 0 0 0 0 0 1 1 1 1 1 1 1 1 1 1 1 1 1 1 1 1 1 1 1 1 1 1 1 1 1 1 1 1 1 1 1 1 1 1 1 1 1 1 1 1 1 1 
0 1 1 1 1 1 1 1 1 1 1 1 1 1 1 1 1 1 1 1 0 0 0 0 0 0 1 1 1 1 1 1 1 1 1 1 1 1 1 1 1 1 1 1 1 1 1 1 1 1 1 1 1 1 1 1 1 1 1 1 1 1 1 1 1 1 1 1 
0 1 1 1 1 1 1 1 1 1 1 1 1 1 1 1 1 1 1 1 1 1 1 1 1 1 0 0 0 1 1 1 1 1 1 1 1 1 1 1 1 1 1 1 1 1 1 1 1 1 1 1 1 1 1 1 1 1 1 1 1 1 1 1 1 1 1 1 
0 1 1 1 1 1 1 1 1 1 1 1 1 1 1 1 1 1 1 1 1 1 1 1 1 1 0 0 0 1 1 1 1 1 1 1 1 1 1 1 1 1 1 1 1 1 1 1 1 1 1 1 1 1 1 1 1 1 1 1 1 1 1 1 1 1 1 1 
0 1 1 1 1 1 1 1 1 1 1 1 1 1 1 1 1 1 1 1 1 1 1 1 1 1 0 0 0 1 1 1 1 1 1 1 1 1 1 1 1 1 1 1 1 1 1 1 1 1 1 1 1 1 1 1 1 1 1 1 1 1 1 1 1 1 1 1 
0 1 1 1 1 1 1 1 1 1 1 1 1 1 1 1 1 1 1 1 1 1 1 1 1 1 1 1 1 0 0 0 0 0 1 1 1 1 1 1 1 1 1 1 1 1 1 1 1 1 1 1 1 1 1 1 1 1 1 1 1 1 1 1 1 1 1 1 
0 1 1 1 1 1 1 1 1 1 1 1 1 1 1 1 1 1 1 1 1 1 1 1 1 1 1 1 1 0 0 0 0 0 1 1 1 1 1 1 1 1 1 1 1 1 1 1 1 1 1 1 1 1 1 1 1 1 1 1 1 1 1 1 1 1 1 1 
0 1 1 1 1 1 1 1 1 1 1 1 1 1 1 1 1 1 1 1 1 1 1 1 1 1 1 1 1 0 0 0 0 0 1 1 1 1 1 1 1 1 1 1 1 1 1 1 1 1 1 1 1 1 1 1 1 1 1 1 1 1 1 1 1 1 1 1 
0 1 1 1 1 1 1 1 1 1 1 1 1 1 1 1 1 1 1 1 1 1 1 1 1 1 1 1 1 0 0 0 0 0 1 1 1 1 1 1 1 1 1 1 1 1 1 1 1 1 1 1 1 1 1 1 1 1 1 1 1 1 1 1 1 1 1 1 
0 1 1 1 1 1 1 1 1 1 1 1 1 1 1 1 1 1 1 1 1 1 1 1 1 1 1 1 1 0 0 0 0 0 1 1 1 1 1 1 1 1 1 1 1 1 1 1 1 1 1 1 1 1 1 1 1 1 1 1 1 1 1 1 1 1 1 1 
0 1 1 1 1 1 1 1 1 1 1 1 1 1 1 1 1 1 1 1 1 1 1 1 1 1 1 1 1 1 1 1 1 1 0 0 0 0 0 0 1 1 1 1 1 1 1 1 1 1 1 1 1 1 1 1 1 1 1 1 1 1 1 1 1 1 1 1 
0 1 1 1 1 1 1 1 1 1 1 1 1 1 1 1 1 1 1 1 1 1 1 1 1 1 1 1 1 1 1 1 1 1 0 0 0 0 0 0 1 1 1 1 1 1 1 1 1 1 1 1 1 1 1 1 1 1 1 1 1 1 1 1 1 1 1 1 
0 1 1 1 1 1 1 1 1 1 1 1 1 1 1 1 1 1 1 1 1 1 1 1 1 1 1 1 1 1 1 1 1 1 0 0 0 0 0 0 1 1 1 1 1 1 1 1 1 1 1 1 1 1 1 1 1 1 1 1 1 1 1 1 1 1 1 1 
0 1 1 1 1 1 1 1 1 1 1 1 1 1 1 1 1 1 1 1 1 1 1 1 1 1 1 1 1 1 1 1 1 1 0 0 0 0 0 0 1 1 1 1 1 1 1 1 1 1 1 1 1 1 1 1 1 1 1 1 1 1 1 1 1 1 1 1 
0 1 1 1 1 1 1 1 1 1 1 1 1 1 1 1 1 1 1 1 1 1 1 1 1 1 1 1 1 1 1 1 1 1 0 0 0 0 0 0 1 1 1 1 1 1 1 1 1 1 1 1 1 1 1 1 1 1 1 1 1 1 1 1 1 1 1 1 
0 1 1 1 1 1 1 1 1 1 1 1 1 1 1 1 1 1 1 1 1 1 1 1 1 1 1 1 1 1 1 1 1 1 0 0 0 0 0 0 1 1 1 1 1 1 1 1 1 1 1 1 1 1 1 1 1 1 1 1 1 1 1 1 1 1 1 1 
0 1 1 1 1 1 1 1 1 1 1 1 1 1 1 1 1 1 1 1 1 1 1 1 1 1 1 1 1 1 1 1 1 1 1 1 1 1 1 1 0 0 0 0 0 1 1 1 1 1 1 1 1 1 1 1 1 1 1 1 1 1 1 1 1 1 1 1 
0 1 1 1 1 1 1 1 1 1 1 1 1 1 1 1 1 1 1 1 1 1 1 1 1 1 1 1 1 1 1 1 1 1 1 1 1 1 1 1 0 0 0 0 0 1 1 1 1 1 1 1 1 1 1 1 1 1 1 1 1 1 1 1 1 1 1 1 
0 1 1 1 1 1 1 1 1 1 1 1 1 1 1 1 1 1 1 1 1 1 1 1 1 1 1 1 1 1 1 1 1 1 1 1 1 1 1 1 0 0 0 0 0 1 1 1 1 1 1 1 1 1 1 1 1 1 1 1 1 1 1 1 1 1 1 1 
0 1 1 1 1 1 1 1 1 1 1 1 1 1 1 1 1 1 1 1 1 1 1 1 1 1 1 1 1 1 1 1 1 1 1 1 1 1 1 1 0 0 0 0 0 1 1 1 1 1 1 1 1 1 1 1 1 1 1 1 1 1 1 1 1 1 1 1 
0 1 1 1 1 1 1 1 1 1 1 1 1 1 1 1 1 1 1 1 1 1 1 1 1 1 1 1 1 1 1 1 1 1 1 1 1 1 1 1 0 0 0 0 0 1 1 1 1 1 1 1 1 1 1 1 1 1 1 1 1 1 1 1 1 1 1 1 
0 1 1 1 1 1 1 1 1 1 1 1 1 1 1 1 1 1 1 1 1 1 1 1 1 1 1 1 1 1 1 1 1 1 1 1 1 1 1 1 1 1 1 1 1 0 0 0 0 0 1 1 1 1 1 1 1 1 1 1 1 1 1 1 1 1 1 1 
0 1 1 1 1 1 1 1 1 1 1 1 1 1 1 1 1 1 1 1 1 1 1 1 1 1 1 1 1 1 1 1 1 1 1 1 1 1 1 1 1 1 1 1 1 0 0 0 0 0 1 1 1 1 1 1 1 1 1 1 1 1 1 1 1 1 1 1 
0 1 1 1 1 1 1 1 1 1 1 1 1 1 1 1 1 1 1 1 1 1 1 1 1 1 1 1 1 1 1 1 1 1 1 1 1 1 1 1 1 1 1 1 1 0 0 0 0 0 1 1 1 1 1 1 1 1 1 1 1 1 1 1 1 1 1 1 
0 1 1 1 1 1 1 1 1 1 1 1 1 1 1 1 1 1 1 1 1 1 1 1 1 1 1 1 1 1 1 1 1 1 1 1 1 1 1 1 1 1 1 1 1 0 0 0 0 0 1 1 1 1 1 1 1 1 1 1 1 1 1 1 1 1 1 1 
0 1 1 1 1 1 1 1 1 1 1 1 1 1 1 1 1 1 1 1 1 1 1 1 1 1 1 1 1 1 1 1 1 1 1 1 1 1 1 1 1 1 1 1 1 0 0 0 0 0 1 1 1 1 1 1 1 1 1 1 1 1 1 1 1 1 1 1 
0 1 1 1 1 1 1 1 1 1 1 1 1 1 1 1 1 1 1 1 1 1 1 1 1 1 1 1 1 1 1 1 1 1 1 1 1 1 1 1 1 1 1 1 1 1 1 1 1 1 0 0 0 1 1 1 1 1 1 1 1 1 1 1 1 1 1 1 
0 1 1 1 1 1 1 1 1 1 1 1 1 1 1 1 1 1 1 1 1 1 1 1 1 1 1 1 1 1 1 1 1 1 1 1 1 1 1 1 1 1 1 1 1 1 1 1 1 1 0 0 0 1 1 1 1 1 1 1 1 1 1 1 1 1 1 1 
0 1 1 1 1 1 1 1 1 1 1 1 1 1 1 1 1 1 1 1 1 1 1 1 1 1 1 1 1 1 1 1 1 1 1 1 1 1 1 1 1 1 1 1 1 1 1 1 1 1 0 0 0 1 1 1 1 1 1 1 1 1 1 1 1 1 1 1 
0 1 1 1 1 1 1 1 1 1 1 1 1 1 1 1 1 1 1 1 1 1 1 1 1 1 1 1 1 1 1 1 1 1 1 1 1 1 1 1 1 1 1 1 1 1 1 1 1 1 1 1 1 0 0 0 0 1 1 1 1 1 1 1 1 1 1 1 
0 1 1 1 1 1 1 1 1 1 1 1 1 1 1 1 1 1 1 1 1 1 1 1 1 1 1 1 1 1 1 1 1 1 1 1 1 1 1 1 1 1 1 1 1 1 1 1 1 1 1 1 1 0 0 0 0 1 1 1 1 1 1 1 1 1 1 1 
0 1 1 1 1 1 1 1 1 1 1 1 1 1 1 1 1 1 1 1 1 1 1 1 1 1 1 1 1 1 1 1 1 1 1 1 1 1 1 1 1 1 1 1 1 1 1 1 1 1 1 1 1 0 0 0 0 1 1 1 1 1 1 1 1 1 1 1 
0 1 1 1 1 1 1 1 1 1 1 1 1 1 1 1 1 1 1 1 1 1 1 1 1 1 1 1 1 1 1 1 1 1 1 1 1 1 1 1 1 1 1 1 1 1 1 1 1 1 1 1 1 0 0 0 0 1 1 1 1 1 1 1 1 1 1 1 
0 1 1 1 1 1 1 1 1 1 1 1 1 1 1 1 1 1 1 1 1 1 1 1 1 1 1 1 1 1 1 1 1 1 1 1 1 1 1 1 1 1 1 1 1 1 1 1 1 1 1 1 1 1 1 1 1 0 0 0 0 0 1 1 1 1 1 1 
0 1 1 1 1 1 1 1 1 1 1 1 1 1 1 1 1 1 1 1 1 1 1 1 1 1 1 1 1 1 1 1 1 1 1 1 1 1 1 1 1 1 1 1 1 1 1 1 1 1 1 1 1 1 1 1 1 0 0 0 0 0 1 1 1 1 1 1 
0 1 1 1 1 1 1 1 1 1 1 1 1 1 1 1 1 1 1 1 1 1 1 1 1 1 1 1 1 1 1 1 1 1 1 1 1 1 1 1 1 1 1 1 1 1 1 1 1 1 1 1 1 1 1 1 1 0 0 0 0 0 1 1 1 1 1 1 
0 1 1 1 1 1 1 1 1 1 1 1 1 1 1 1 1 1 1 1 1 1 1 1 1 1 1 1 1 1 1 1 1 1 1 1 1 1 1 1 1 1 1 1 1 1 1 1 1 1 1 1 1 1 1 1 1 0 0 0 0 0 1 1 1 1 1 1 
0 1 1 1 1 1 1 1 1 1 1 1 1 1 1 1 1 1 1 1 1 1 1 1 1 1 1 1 1 1 1 1 1 1 1 1 1 1 1 1 1 1 1 1 1 1 1 1 1 1 1 1 1 1 1 1 1 0 0 0 0 0 1 1 1 1 1 1 
0 1 1 1 1 1 1 1 1 1 1 1 1 1 1 1 1 1 1 1 1 1 1 1 1 1 1 1 1 1 1 1 1 1 1 1 1 1 1 1 1 1 1 1 1 1 1 1 1 1 1 1 1 1 1 1 1 1 1 1 1 1 0 0 0 0 0 0 
0 1 1 1 1 1 1 1 1 1 1 1 1 1 1 1 1 1 1 1 1 1 1 1 1 1 1 1 1 1 1 1 1 1 1 1 1 1 1 1 1 1 1 1 1 1 1 1 1 1 1 1 1 1 1 1 1 1 1 1 1 1 0 0 0 0 0 0 
0 1 1 1 1 1 1 1 1 1 1 1 1 1 1 1 1 1 1 1 1 1 1 1 1 1 1 1 1 1 1 1 1 1 1 1 1 1 1 1 1 1 1 1 1 1 1 1 1 1 1 1 1 1 1 1 1 1 1 1 1 1 0 0 0 0 0 0 
0 1 1 1 1 1 1 1 1 1 1 1 1 1 1 1 1 1 1 1 1 1 1 1 1 1 1 1 1 1 1 1 1 1 1 1 1 1 1 1 1 1 1 1 1 1 1 1 1 1 1 1 1 1 1 1 1 1 1 1 1 1 0 0 0 0 0 0 
0 1 1 1 1 1 1 1 1 1 1 1 1 1 1 1 1 1 1 1 1 1 1 1 1 1 1 1 1 1 1 1 1 1 1 1 1 1 1 1 1 1 1 1 1 1 1 1 1 1 1 1 1 1 1 1 1 1 1 1 1 1 0 0 0 0 0 0 
0 1 1 1 1 1 1 1 1 1 1 1 1 1 1 1 1 1 1 1 1 1 1 1 1 1 1 1 1 1 1 1 1 1 1 1 1 1 1 1 1 1 1 1 1 1 1 1 1 1 1 1 1 1 1 1 1 1 1 1 1 1 0 0 0 0 0 0 

0 1 1 1 1 1 1 1 1 1 1 1 1 1 1 1 1 1 1 1 1 1 1 1 1 1 1 1 1 1 1 1 1 1 1 1 1 1 1 1 1 1 1 1 1 1 1 1 1 1 1 1 1 1 1 1 1 1 1 1 1 1 1 1 1 1 1 1 
0 0 0 0 0 1 1 1 1 1 1 1 1 1 1 1 1 1 1 1 1 1 1 1 1 1 1 1 1 1 1 1 1 1 1 1 1 1 1 1 1 1 1 1 1 1 1 1 1 1 1 1 1 1 1 1 1 1 1 1 1 1 1 1 1 1 1 1 
0 0 0 0 0 1 1 1 1 1 1 1 1 1 1 1 1 1 1 1 1 1 1 1 1 1 1 1 1 1 1 1 1 1 1 1 1 1 1 1 1 1 1 1 1 1 1 1 1 1 1 1 1 1 1 1 1 1 1 1 1 1 1 1 1 1 1 1 
0 0 0 0 0 1 1 1 1 1 1 1 1 1 1 1 1 1 1 1 1 1 1 1 1 1 1 1 1 1 1 1 1 1 1 1 1 1 1 1 1 1 1 1 1 1 1 1 1 1 1 1 1 1 1 1 1 1 1 1 1 1 1 1 1 1 1 1 
0 0 0 0 0 1 1 1 1 1 1 1 1 1 1 1 1 1 1 1 1 1 1 1 1 1 1 1 1 1 1 1 1 1 1 1 1 1 1 1 1 1 1 1 1 1 1 1 1 1 1 1 1 1 1 1 1 1 1 1 1 1 1 1 1 1 1 1 
0 1 1 1 1 0 0 0 1 1 1 1 1 1 1 1 1 1 1 1 1 1 1 1 1 1 1 1 1 1 1 1 1 1 1 1 1 1 1 1 1 1 1 1 1 1 1 1 1 1 1 1 1 1 1 1 1 1 1 1 1 1 1 1 1 1 1 1 
0 1 1 1 1 0 0 0 1 1 1 1 1 1 1 1 1 1 1 1 1 1 1 1 1 1 1 1 1 1 1 1 1 1 1 1 1 1 1 1 1 1 1 1 1 1 1 1 1 1 1 1 1 1 1 1 1 1 1 1 1 1 1 1 1 1 1 1 
0 1 1 1 1 0 0 0 1 1 1 1 1 1 1 1 1 1 1 1 1 1 1 1 1 1 1 1 1 1 1 1 1 1 1 1 1 1 1 1 1 1 1 1 1 1 1 1 1 1 1 1 1 1 1 1 1 1 1 1 1 1 1 1 1 1 1 1 
0 1 1 1 1 1 1 1 0 0 0 0 0 1 1 1 1 1 1 1 1 1 1 1 1 1 1 1 1 1 1 1 1 1 1 1 1 1 1 1 1 1 1 1 1 1 1 1 1 1 1 1 1 1 1 1 1 1 1 1 1 1 1 1 1 1 1 1 
0 1 1 1 1 1 1 1 0 0 0 0 0 1 1 1 1 1 1 1 1 1 1 1 1 1 1 1 1 1 1 1 1 1 1 1 1 1 1 1 1 1 1 1 1 1 1 1 1 1 1 1 1 1 1 1 1 1 1 1 1 1 1 1 1 1 1 1 
0 1 1 1 1 1 1 1 0 0 0 0 0 1 1 1 1 1 1 1 1 1 1 1 1 1 1 1 1 1 1 1 1 1 1 1 1 1 1 1 1 1 1 1 1 1 1 1 1 1 1 1 1 1 1 1 1 1 1 1 1 1 1 1 1 1 1 1 
0 1 1 1 1 1 1 1 0 0 0 0 0 1 1 1 1 1 1 1 1 1 1 1 1 1 1 1 1 1 1 1 1 1 1 1 1 1 1 1 1 1 1 1 1 1 1 1 1 1 1 1 1 1 1 1 1 1 1 1 1 1 1 1 1 1 1 1 
0 1 1 1 1 1 1 1 0 0 0 0 0 1 1 1 1 1 1 1 1 1 1 1 1 1 1 1 1 1 1 1 1 1 1 1 1 1 1 1 1 1 1 1 1 1 1 1 1 1 1 1 1 1 1 1 1 1 1 1 1 1 1 1 1 1 1 1 
0 1 1 1 1 1 1 1 1 1 1 1 1 0 0 0 0 0 0 0 1 1 1 1 1 1 1 1 1 1 1 1 1 1 1 1 1 1 1 1 1 1 1 1 1 1 1 1 1 1 1 1 1 1 1 1 1 1 1 1 1 1 1 1 1 1 1 1 
0 1 1 1 1 1 1 1 1 1 1 1 1 0 0 0 0 0 0 0 1 1 1 1 1 1 1 1 1 1 1 1 1 1 1 1 1 1 1 1 1 1 1 1 1 1 1 1 1 1 1 1 1 1 1 1 1 1 1 1 1 1 1 1 1 1 1 1 
0 1 1 1 1 1 1 1 1 1 1 1 1 0 0 0 0 0 0 0 1 1 1 1 1 1 1 1 1 1 1 1 1 1 1 1 1 1 1 1 1 1 1 1 1 1 1 1 1 1 1 1 1 1 1 1 1 1 1 1 1 1 1 1 1 1 1 1 
0 1 1 1 1 1 1 1 1 1 1 1 1 0 0 0 0 0 0 0 1 1 1 1 1 1 1 1 1 1 1 1 1 1 1 1 1 1 1 1 1 1 1 1 1 1 1 1 1 1 1 1 1 1 1 1 1 1 1 1 1 1 1 1 1 1 1 1 
0 1 1 1 1 1 1 1 1 1 1 1 1 0 0 0 0 0 0 0 1 1 1 1 1 1 1 1 1 1 1 1 1 1 1 1 1 1 1 1 1 1 1 1 1 1 1 1 1 1 1 1 1 1 1 1 1 1 1 1 1 1 1 1 1 1 1 1 
0 1 1 1 1 1 1 1 1 1 1 1 1 0 0 0 0 0 0 0 1 1 1 1 1 1 1 1 1 1 1 1 1 1 1 1 1 1 1 1 1 1 1 1 1 1 1 1 1 1 1 1 1 1 1 1 1 1 1 1 1 1 1 1 1 1 1 1 
0 1 1 1 1 1 1 1 1 1 1 1 1 0 0 0 0 0 0 0 1 1 1 1 1 1 1 1 1 1 1 1 1 1 1 1 1 1 1 1 1 1 1 1 1 1 1 1 1 1 1 1 1 1 1 1 1 1 1 1 1 1 1 1 1 1 1 1 
0 1 1 1 1 1 1 1 1 1 1 1 1 1 1 1 1 1 1 1 0 0 0 0 0 0 1 1 1 1 1 1 1 1 1 1 1 1 1 1 1 1 1 1 1 1 1 1 1 1 1 1 1 1 1 1 1 1 1 1 1 1 1 1 1 1 1 1 
0 1 1 1 1 1 1 1 1 1 1 1 1 1 1 1 1 1 1 1 0 0 0 0 0 0 1 1 1 1 1 1 1 1 1 1 1 1 1 1 1 1 1 1 1 1 1 1 1 1 1 1 1 1 1 1 1 1 1 1 1 1 1 1 1 1 1 1 
0 1 1 1 1 1 1 1 1 1 1 1 1 1 1 1 1 1 1 1 0 0 0 0 0 0 1 1 1 1 1 1 1 1 1 1 1 1 1 1 1 1 1 1 1 1 1 1 1 1 1 1 1 1 1 1 1 1 1 1 1 1 1 1 1 1 1 1 
0 1 1 1 1 1 1 1 1 1 1 1 1 1 1 1 1 1 1 1 0 0 0 0 0 0 1 1 1 1 1 1 1 1 1 1 1 1 1 1 1 1 1 1 1 1 1 1 1 1 1 1 1 1 1 1 1 1 1 1 1 1 1 1 1 1 1 1 
0 1 1 1 1 1 1 1 1 1 1 1 1 1 1 1 1 1 1 1 0 0 0 0 0 0 1 1 1 1 1 1 1 1 1 1 1 1 1 1 1 1 1 1 1 1 1 1 1 1 1 1 1 1 1 1 1 1 1 1 1 1 1 1 1 1 1 1 
0 1 1 1 1 1 1 1 1 1 1 1 1 1 1 1 1 1 1 1 0 0 0 0 0 0 1 1 1 1 1 1 1 1 1 1 1 1 1 1 1 1 1 1 1 1 1 1 1 1 1 1 1 1 1 1 1 1 1 1 1 1 1 1 1 1 1 1 
0 1 1 1 1 1 1 1 1 1 1 1 1 1 1 1 1 1 1 1 1 1 1 1 1 1 0 0 0 1 1 1 1 1 1 1 1 1 1 1 1 1 1 1 1 1 1 1 1 1 1 1 1 1 1 1 1 1 1 1 1 1 1 1 1 1 1 1 
0 1 1 1 1 1 1 1 1 1 1 1 1 1 1 1 1 1 1 1 1 1 1 1 1 1 0 0 0 1 1 1 1 1 1 1 1 1 1 1 1 1 1 1 1 1 1 1 1 1 1 1 1 1 1 1 1 1 1 1 1 1 1 1 1 1 1 1 
0 1 1 1 1 1 1 1 1 1 1 1 1 1 1 1 1 1 1 1 1 1 1 1 1 1 0 0 0 1 1 1 1 1 1 1 1 1 1 1 1 1 1 1 1 1 1 1 1 1 1 1 1 1 1 1 1 1 1 1 1 1 1 1 1 1 1 1 
0 1 1 1 1 1 1 1 1 1 1 1 1 1 1 1 1 1 1 1 1 1 1 1 1 1 1 1 1 0 0 0 0 0 1 1 1 1 1 1 1 1 1 1 1 1 1 1 1 1 1 1 1 1 1 1 1 1 1 1 1 1 1 1 1 1 1 1 
0 1 1 1 1 1 1 1 1 1 1 1 1 1 1 1 1 1 1 1 1 1 1 1 1 1 1 1 1 0 0 0 0 0 1 1 1 1 1 1 1 1 1 1 1 1 1 1 1 1 1 1 1 1 1 1 1 1 1 1 1 1 1 1 1 1 1 1 
0 1 1 1 1 1 1 1 1 1 1 1 1 1 1 1 1 1 1 1 1 1 1 1 1 1 1 1 1 0 0 0 0 0 1 1 1 1 1 1 1 1 1 1 1 1 1 1 1 1 1 1 1 1 1 1 1 1 1 1 1 1 1 1 1 1 1 1 
0 1 1 1 1 1 1 1 1 1 1 1 1 1 1 1 1 1 1 1 1 1 1 1 1 1 1 1 1 0 0 0 0 0 1 1 1 1 1 1 1 1 1 1 1 1 1 1 1 1 1 1 1 1 1 1 1 1 1 1 1 1 1 1 1 1 1 1 
0 1 1 1 1 1 1 1 1 1 1 1 1 1 1 1 1 1 1 1 1 1 1 1 1 1 1 1 1 0 0 0 0 0 1 1 1 1 1 1 1 1 1 1 1 1 1 1 1 1 1 1 1 1 1 1 1 1 1 1 1 1 1 1 1 1 1 1 
0 1 1 1 1 1 1 1 1 1 1 1 1 1 1 1 1 1 1 1 1 1 1 1 1 1 1 1 1 1 1 1 1 1 0 0 0 0 0 0 1 1 1 1 1 1 1 1 1 1 1 1 1 1 1 1 1 1 1 1 1 1 1 1 1 1 1 1 
0 1 1 1 1 1 1 1 1 1 1 1 1 1 1 1 1 1 1 1 1 1 1 1 1 1 1 1 1 1 1 1 1 1 0 0 0 0 0 0 1 1 1 1 1 1 1 1 1 1 1 1 1 1 1 1 1 1 1 1 1 1 1 1 1 1 1 1 
0 1 1 1 1 1 1 1 1 1 1 1 1 1 1 1 1 1 1 1 1 1 1 1 1 1 1 1 1 1 1 1 1 1 0 0 0 0 0 0 1 1 1 1 1 1 1 1 1 1 1 1 1 1 1 1 1 1 1 1 1 1 1 1 1 1 1 1 
0 1 1 1 1 1 1 1 1 1 1 1 1 1 1 1 1 1 1 1 1 1 1 1 1 1 1 1 1 1 1 1 1 1 0 0 0 0 0 0 1 1 1 1 1 1 1 1 1 1 1 1 1 1 1 1 1 1 1 1 1 1 1 1 1 1 1 1 
0 1 1 1 1 1 1 1 1 1 1 1 1 1 1 1 1 1 1 1 1 1 1 1 1 1 1 1 1 1 1 1 1 1 0 0 0 0 0 0 1 1 1 1 1 1 1 1 1 1 1 1 1 1 1 1 1 1 1 1 1 1 1 1 1 1 1 1 
0 1 1 1 1 1 1 1 1 1 1 1 1 1 1 1 1 1 1 1 1 1 1 1 1 1 1 1 1 1 1 1 1 1 0 0 0 0 0 0 1 1 1 1 1 1 1 1 1 1 1 1 1 1 1 1 1 1 1 1 1 1 1 1 1 1 1 1 
0 1 1 1 1 1 1 1 1 1 1 1 1 1 1 1 1 1 1 1 1 1 1 1 1 1 1 1 1 1 1 1 1 1 1 1 1 1 1 1 0 0 0 0 0 1 1 1 1 1 1 1 1 1 1 1 1 1 1 1 1 1 1 1 1 1 1 1 
0 1 1 1 1 1 1 1 1 1 1 1 1 1 1 1 1 1 1 1 1 1 1 1 1 1 1 1 1 1 1 1 1 1 1 1 1 1 1 1 0 0 0 0 0 1 1 1 1 1 1 1 1 1 1 1 1 1 1 1 1 1 1 1 1 1 1 1 
0 1 1 1 1 1 1 1 1 1 1 1 1 1 1 1 1 1 1 1 1 1 1 1 1 1 1 1 1 1 1 1 1 1 1 1 1 1 1 1 0 0 0 0 0 1 1 1 1 1 1 1 1 1 1 1 1 1 1 1 1 1 1 1 1 1 1 1 
0 1 1 1 1 1 1 1 1 1 1 1 1 1 1 1 1 1 1 1 1 1 1 1 1 1 1 1 1 1 1 1 1 1 1 1 1 1 1 1 0 0 0 0 0 1 1 1 1 1 1 1 1 1 1 1 1 1 1 1 1 1 1 1 1 1 1 1 
0 1 1 1 1 1 1 1 1 1 1 1 1 1 1 1 1 1 1 1 1 1 1 1 1 1 1 1 1 1 1 1 1 1 1 1 1 1 1 1 0 0 0 0 0 1 1 1 1 1 1 1 1 1 1 1 1 1 1 1 1 1 1 1 1 1 1 1 
0 1 1 1 1 1 1 1 1 1 1 1 1 1 1 1 1 1 1 1 1 1 1 1 1 1 1 1 1 1 1 1 1 1 1 1 1 1 1 1 1 1 1 1 1 0 0 0 0 0 1 1 1 1 1 1 1 1 1 1 1 1 1 1 1 1 1 1 
0 1 1 1 1 1 1 1 1 1 1 1 1 1 1 1 1 1 1 1 1 1 1 1 1 1 1 1 1 1 1 1 1 1 1 1 1 1 1 1 1 1 1 1 1 0 0 0 0 0 1 1 1 1 1 1 1 1 1 1 1 1 1 1 1 1 1 1 
0 1 1 1 1 1 1 1 1 1 1 1 1 1 1 1 1 1 1 1 1 1 1 1 1 1 1 1 1 1 1 1 1 1 1 1 1 1 1 1 1 1 1 1 1 0 0 0 0 0 1 1 1 1 1 1 1 1 1 1 1 1 1 1 1 1 1 1 
0 1 1 1 1 1 1 1 1 1 1 1 1 1 1 1 1 1 1 1 1 1 1 1 1 1 1 1 1 1 1 1 1 1 1 1 1 1 1 1 1 1 1 1 1 0 0 0 0 0 1 1 1 1 1 1 1 1 1 1 1 1 1 1 1 1 1 1 
0 1 1 1 1 1 1 1 1 1 1 1 1 1 1 1 1 1 1 1 1 1 1 1 1 1 1 1 1 1 1 1 1 1 1 1 1 1 1 1 1 1 1 1 1 0 0 0 0 0 1 1 1 1 1 1 1 1 1 1 1 1 1 1 1 1 1 1 
0 1 1 1 1 1 1 1 1 1 1 1 1 1 1 1 1 1 1 1 1 1 1 1 1 1 1 1 1 1 1 1 1 1 1 1 1 1 1 1 1 1 1 1 1 1 1 1 1 1 0 0 0 1 1 1 1 1 1 1 1 1 1 1 1 1 1 1 
0 1 1 1 1 1 1 1 1 1 1 1 1 1 1 1 1 1 1 1 1 1 1 1 1 1 1 1 1 1 1 1 1 1 1 1 1 1 1 1 1 1 1 1 1 1 1 1 1 1 0 0 0 1 1 1 1 1 1 1 1 1 1 1 1 1 1 1 
0 1 1 1 1 1 1 1 1 1 1 1 1 1 1 1 1 1 1 1 1 1 1 1 1 1 1 1 1 1 1 1 1 1 1 1 1 1 1 1 1 1 1 1 1 1 1 1 1 1 0 0 0 1 1 1 1 1 1 1 1 1 1 1 1 1 1 1 
0 1 1 1 1 1 1 1 1 1 1 1 1 1 1 1 1 1 1 1 1 1 1 1 1 1 1 1 1 1 1 1 1 1 1 1 1 1 1 1 1 1 1 1 1 1 1 1 1 1 1 1 1 0 0 0 0 1 1 1 1 1 1 1 1 1 1 1 
0 1 1 1 1 1 1 1 1 1 1 1 1 1 1 1 1 1 1 1 1 1 1 1 1 1 1 1 1 1 1 1 1 1 1 1 1 1 1 1 1 1 1 1 1 1 1 1 1 1 1 1 1 0 0 0 0 1 1 1 1 1 1 1 1 1 1 1 
0 1 1 1 1 1 1 1 1 1 1 1 1 1 1 1 1 1 1 1 1 1 1 1 1 1 1 1 1 1 1 1 1 1 1 1 1 1 1 1 1 1 1 1 1 1 1 1 1 1 1 1 1 0 0 0 0 1 1 1 1 1 1 1 1 1 1 1 
0 1 1 1 1 1 1 1 1 1 1 1 1 1 1 1 1 1 1 1 1 1 1 1 1 1 1 1 1 1 1 1 1 1 1 1 1 1 1 1 1 1 1 1 1 1 1 1 1 1 1 1 1 0 0 0 0 1 1 1 1 1 1 1 1 1 1 1 
0 1 1 1 1 1 1 1 1 1 1 1 1 1 1 1 1 1 1 1 1 1 1 1 1 1 1 1 1 1 1 1 1 1 1 1 1 1 1 1 1 1 1 1 1 1 1 1 1 1 1 1 1 1 1 1 1 0 0 0 0 0 1 1 1 1 1 1 
0 1 1 1 1 1 1 1 1 1 1 1 1 1 1 1 1 1 1 1 1 1 1 1 1 1 1 1 1 1 1 1 1 1 1 1 1 1 1 1 1 1 1 1 1 1 1 1 1 1 1 1 1 1 1 1 1 0 0 0 0 0 1 1 1 1 1 1 
0 1 1 1 1 1 1 1 1 1 1 1 1 1 1 1 1 1 1 1 1 1 1 1 1 1 1 1 1 1 1 1 1 1 1 1 1 1 1 1 1 1 1 1 1 1 1 1 1 1 1 1 1 1 1 1 1 0 0 0 0 0 1 1 1 1 1 1 
0 1 1 1 1 1 1 1 1 1 1 1 1 1 1 1 1 1 1 1 1 1 1 1 1 1 1 1 1 1 1 1 1 1 1 1 1 1 1 1 1 1 1 1 1 1 1 1 1 1 1 1 1 1 1 1 1 0 0 0 0 0 1 1 1 1 1 1 
0 1 1 1 1 1 1 1 1 1 1 1 1 1 1 1 1 1 1 1 1 1 1 1 1 1 1 1 1 1 1 1 1 1 1 1 1 1 1 1 1 1 1 1 1 1 1 1 1 1 1 1 1 1 1 1 1 0 0 0 0 0 1 1 1 1 1 1 
0 1 1 1 1 1 1 1 1 1 1 1 1 1 1 1 1 1 1 1 1 1 1 1 1 1 1 1 1 1 1 1 1 1 1 1 1 1 1 1 1 1 1 1 1 1 1 1 1 1 1 1 1 1 1 1 1 1 1 1 1 1 0 0 0 0 0 0 
0 1 1 1 1 1 1 1 1 1 1 1 1 1 1 1 1 1 1 1 1 1 1 1 1 1 1 1 1 1 1 1 1 1 1 1 1 1 1 1 1 1 1 1 1 1 1 1 1 1 1 1 1 1 1 1 1 1 1 1 1 1 0 0 0 0 0 0 
0 1 1 1 1 1 1 1 1 1 1 1 1 1 1 1 1 1 1 1 1 1 1 1 1 1 1 1 1 1 1 1 1 1 1 1 1 1 1 1 1 1 1 1 1 1 1 1 1 1 1 1 1 1 1 1 1 1 1 1 1 1 0 0 0 0 0 0 
0 1 1 1 1 1 1 1 1 1 1 1 1 1 1 1 1 1 1 1 1 1 1 1 1 1 1 1 1 1 1 1 1 1 1 1 1 1 1 1 1 1 1 1 1 1 1 1 1 1 1 1 1 1 1 1 1 1 1 1 1 1 0 0 0 0 0 0 
0 1 1 1 1 1 1 1 1 1 1 1 1 1 1 1 1 1 1 1 1 1 1 1 1 1 1 1 1 1 1 1 1 1 1 1 1 1 1 1 1 1 1 1 1 1 1 1 1 1 1 1 1 1 1 1 1 1 1 1 1 1 0 0 0 0 0 0 
0 1 1 1 1 1 1 1 1 1 1 1 1 1 1 1 1 1 1 1 1 1 1 1 1 1 1 1 1 1 1 1 1 1 1 1 1 1 1 1 1 1 1 1 1 1 1 1 1 1 1 1 1 1 1 1 1 1 1 1 1 1 0 0 0 0 0 0 

12
14
