26 
12 

2 
2 
3 
2 
2 
2 
2 
2 
3 
2 
2 
2 

68 

28.8462 28.8462 25.8621 25.8621 21.1268 21.1268 21.1268 20.5479 20.5479 23.8095 23.8095 24.5902 24.5902 28.8462 28.8462 30.6122 30.6122 20.5479 20.5479 20.5479 26.3158 26.3158 26.3158 26.3158 27.2727 27.2727 
28.8462 28.8462 25.8621 25.8621 21.1268 21.1268 21.1268 20.5479 20.5479 23.8095 23.8095 24.5902 24.5902 28.8462 28.8462 30.6122 30.6122 20.5479 20.5479 20.5479 26.3158 26.3158 26.3158 26.3158 27.2727 27.2727 
28.8462 28.8462 25.8621 25.8621 21.1268 21.1268 21.1268 20.5479 20.5479 23.8095 23.8095 24.5902 24.5902 28.8462 28.8462 30.6122 30.6122 20.5479 20.5479 20.5479 26.3158 26.3158 26.3158 26.3158 27.2727 27.2727 
1.15385 1.15385 1.03448 1.03448 0.84507 0.84507 0.84507 0.821918 0.821918 0.952381 0.952381 0.983607 0.983607 1.15385 1.15385 1.22449 1.22449 0.821918 0.821918 0.821918 1.05263 1.05263 1.05263 1.05263 1.09091 1.09091 
28.8462 28.8462 25.8621 25.8621 21.1268 21.1268 21.1268 20.5479 20.5479 23.8095 23.8095 24.5902 24.5902 28.8462 28.8462 30.6122 30.6122 20.5479 20.5479 20.5479 26.3158 26.3158 26.3158 26.3158 27.2727 27.2727 
28.8462 28.8462 25.8621 25.8621 21.1268 21.1268 21.1268 20.5479 20.5479 23.8095 23.8095 24.5902 24.5902 28.8462 28.8462 30.6122 30.6122 20.5479 20.5479 20.5479 26.3158 26.3158 26.3158 26.3158 27.2727 27.2727 
28.8462 28.8462 25.8621 25.8621 21.1268 21.1268 21.1268 20.5479 20.5479 23.8095 23.8095 24.5902 24.5902 28.8462 28.8462 30.6122 30.6122 20.5479 20.5479 20.5479 26.3158 26.3158 26.3158 26.3158 27.2727 27.2727 
28.8462 28.8462 25.8621 25.8621 21.1268 21.1268 21.1268 20.5479 20.5479 23.8095 23.8095 24.5902 24.5902 28.8462 28.8462 30.6122 30.6122 20.5479 20.5479 20.5479 26.3158 26.3158 26.3158 26.3158 27.2727 27.2727 
28.8462 28.8462 25.8621 25.8621 21.1268 21.1268 21.1268 20.5479 20.5479 23.8095 23.8095 24.5902 24.5902 28.8462 28.8462 30.6122 30.6122 20.5479 20.5479 20.5479 26.3158 26.3158 26.3158 26.3158 27.2727 27.2727 
28.8462 28.8462 25.8621 25.8621 21.1268 21.1268 21.1268 20.5479 20.5479 23.8095 23.8095 24.5902 24.5902 28.8462 28.8462 30.6122 30.6122 20.5479 20.5479 20.5479 26.3158 26.3158 26.3158 26.3158 27.2727 27.2727 
28.8462 28.8462 25.8621 25.8621 21.1268 21.1268 21.1268 20.5479 20.5479 23.8095 23.8095 24.5902 24.5902 28.8462 28.8462 30.6122 30.6122 20.5479 20.5479 20.5479 26.3158 26.3158 26.3158 26.3158 27.2727 27.2727 
28.8462 28.8462 25.8621 25.8621 21.1268 21.1268 21.1268 20.5479 20.5479 23.8095 23.8095 24.5902 24.5902 28.8462 28.8462 30.6122 30.6122 20.5479 20.5479 20.5479 26.3158 26.3158 26.3158 26.3158 27.2727 27.2727 
28.8462 28.8462 25.8621 25.8621 21.1268 21.1268 21.1268 20.5479 20.5479 23.8095 23.8095 24.5902 24.5902 28.8462 28.8462 30.6122 30.6122 20.5479 20.5479 20.5479 26.3158 26.3158 26.3158 26.3158 27.2727 27.2727 
28.8462 28.8462 25.8621 25.8621 21.1268 21.1268 21.1268 20.5479 20.5479 23.8095 23.8095 24.5902 24.5902 28.8462 28.8462 30.6122 30.6122 20.5479 20.5479 20.5479 26.3158 26.3158 26.3158 26.3158 27.2727 27.2727 
28.8462 28.8462 25.8621 25.8621 21.1268 21.1268 21.1268 20.5479 20.5479 23.8095 23.8095 24.5902 24.5902 28.8462 28.8462 30.6122 30.6122 20.5479 20.5479 20.5479 26.3158 26.3158 26.3158 26.3158 27.2727 27.2727 
28.8462 28.8462 25.8621 25.8621 21.1268 21.1268 21.1268 20.5479 20.5479 23.8095 23.8095 24.5902 24.5902 28.8462 28.8462 30.6122 30.6122 20.5479 20.5479 20.5479 26.3158 26.3158 26.3158 26.3158 27.2727 27.2727 
2.30769 2.30769 2.06897 2.06897 1.69014 1.69014 1.69014 1.64384 1.64384 1.90476 1.90476 1.96721 1.96721 2.30769 2.30769 2.44898 2.44898 1.64384 1.64384 1.64384 2.10526 2.10526 2.10526 2.10526 2.18182 2.18182 
28.8462 28.8462 25.8621 25.8621 21.1268 21.1268 21.1268 20.5479 20.5479 23.8095 23.8095 24.5902 24.5902 28.8462 28.8462 30.6122 30.6122 20.5479 20.5479 20.5479 26.3158 26.3158 26.3158 26.3158 27.2727 27.2727 
28.8462 28.8462 25.8621 25.8621 21.1268 21.1268 21.1268 20.5479 20.5479 23.8095 23.8095 24.5902 24.5902 28.8462 28.8462 30.6122 30.6122 20.5479 20.5479 20.5479 26.3158 26.3158 26.3158 26.3158 27.2727 27.2727 
28.8462 28.8462 25.8621 25.8621 21.1268 21.1268 21.1268 20.5479 20.5479 23.8095 23.8095 24.5902 24.5902 28.8462 28.8462 30.6122 30.6122 20.5479 20.5479 20.5479 26.3158 26.3158 26.3158 26.3158 27.2727 27.2727 
28.8462 28.8462 25.8621 25.8621 21.1268 21.1268 21.1268 20.5479 20.5479 23.8095 23.8095 24.5902 24.5902 28.8462 28.8462 30.6122 30.6122 20.5479 20.5479 20.5479 26.3158 26.3158 26.3158 26.3158 27.2727 27.2727 
10.3846 10.3846 9.31034 9.31034 7.60563 7.60563 7.60563 7.39726 7.39726 8.57143 8.57143 8.85246 8.85246 10.3846 10.3846 11.0204 11.0204 7.39726 7.39726 7.39726 9.47368 9.47368 9.47368 9.47368 9.81818 9.81818 
28.8462 28.8462 25.8621 25.8621 21.1268 21.1268 21.1268 20.5479 20.5479 23.8095 23.8095 24.5902 24.5902 28.8462 28.8462 30.6122 30.6122 20.5479 20.5479 20.5479 26.3158 26.3158 26.3158 26.3158 27.2727 27.2727 
28.8462 28.8462 25.8621 25.8621 21.1268 21.1268 21.1268 20.5479 20.5479 23.8095 23.8095 24.5902 24.5902 28.8462 28.8462 30.6122 30.6122 20.5479 20.5479 20.5479 26.3158 26.3158 26.3158 26.3158 27.2727 27.2727 
28.8462 28.8462 25.8621 25.8621 21.1268 21.1268 21.1268 20.5479 20.5479 23.8095 23.8095 24.5902 24.5902 28.8462 28.8462 30.6122 30.6122 20.5479 20.5479 20.5479 26.3158 26.3158 26.3158 26.3158 27.2727 27.2727 
8.07692 8.07692 7.24138 7.24138 5.91549 5.91549 5.91549 5.75342 5.75342 6.66667 6.66667 6.88525 6.88525 8.07692 8.07692 8.57143 8.57143 5.75342 5.75342 5.75342 7.36842 7.36842 7.36842 7.36842 7.63636 7.63636 
28.8462 28.8462 25.8621 25.8621 21.1268 21.1268 21.1268 20.5479 20.5479 23.8095 23.8095 24.5902 24.5902 28.8462 28.8462 30.6122 30.6122 20.5479 20.5479 20.5479 26.3158 26.3158 26.3158 26.3158 27.2727 27.2727 
28.8462 28.8462 25.8621 25.8621 21.1268 21.1268 21.1268 20.5479 20.5479 23.8095 23.8095 24.5902 24.5902 28.8462 28.8462 30.6122 30.6122 20.5479 20.5479 20.5479 26.3158 26.3158 26.3158 26.3158 27.2727 27.2727 
28.8462 28.8462 25.8621 25.8621 21.1268 21.1268 21.1268 20.5479 20.5479 23.8095 23.8095 24.5902 24.5902 28.8462 28.8462 30.6122 30.6122 20.5479 20.5479 20.5479 26.3158 26.3158 26.3158 26.3158 27.2727 27.2727 
17.3077 17.3077 15.5172 15.5172 12.6761 12.6761 12.6761 12.3288 12.3288 14.2857 14.2857 14.7541 14.7541 17.3077 17.3077 18.3673 18.3673 12.3288 12.3288 12.3288 15.7895 15.7895 15.7895 15.7895 16.3636 16.3636 
28.8462 28.8462 25.8621 25.8621 21.1268 21.1268 21.1268 20.5479 20.5479 23.8095 23.8095 24.5902 24.5902 28.8462 28.8462 30.6122 30.6122 20.5479 20.5479 20.5479 26.3158 26.3158 26.3158 26.3158 27.2727 27.2727 
28.8462 28.8462 25.8621 25.8621 21.1268 21.1268 21.1268 20.5479 20.5479 23.8095 23.8095 24.5902 24.5902 28.8462 28.8462 30.6122 30.6122 20.5479 20.5479 20.5479 26.3158 26.3158 26.3158 26.3158 27.2727 27.2727 
28.8462 28.8462 25.8621 25.8621 21.1268 21.1268 21.1268 20.5479 20.5479 23.8095 23.8095 24.5902 24.5902 28.8462 28.8462 30.6122 30.6122 20.5479 20.5479 20.5479 26.3158 26.3158 26.3158 26.3158 27.2727 27.2727 
28.8462 28.8462 25.8621 25.8621 21.1268 21.1268 21.1268 20.5479 20.5479 23.8095 23.8095 24.5902 24.5902 28.8462 28.8462 30.6122 30.6122 20.5479 20.5479 20.5479 26.3158 26.3158 26.3158 26.3158 27.2727 27.2727 
6.92308 6.92308 6.2069 6.2069 5.07042 5.07042 5.07042 4.93151 4.93151 5.71429 5.71429 5.90164 5.90164 6.92308 6.92308 7.34694 7.34694 4.93151 4.93151 4.93151 6.31579 6.31579 6.31579 6.31579 6.54545 6.54545 
28.8462 28.8462 25.8621 25.8621 21.1268 21.1268 21.1268 20.5479 20.5479 23.8095 23.8095 24.5902 24.5902 28.8462 28.8462 30.6122 30.6122 20.5479 20.5479 20.5479 26.3158 26.3158 26.3158 26.3158 27.2727 27.2727 
28.8462 28.8462 25.8621 25.8621 21.1268 21.1268 21.1268 20.5479 20.5479 23.8095 23.8095 24.5902 24.5902 28.8462 28.8462 30.6122 30.6122 20.5479 20.5479 20.5479 26.3158 26.3158 26.3158 26.3158 27.2727 27.2727 
5.76923 5.76923 5.17241 5.17241 4.22535 4.22535 4.22535 4.10959 4.10959 4.7619 4.7619 4.91803 4.91803 5.76923 5.76923 6.12245 6.12245 4.10959 4.10959 4.10959 5.26316 5.26316 5.26316 5.26316 5.45455 5.45455 
28.8462 28.8462 25.8621 25.8621 21.1268 21.1268 21.1268 20.5479 20.5479 23.8095 23.8095 24.5902 24.5902 28.8462 28.8462 30.6122 30.6122 20.5479 20.5479 20.5479 26.3158 26.3158 26.3158 26.3158 27.2727 27.2727 
28.8462 28.8462 25.8621 25.8621 21.1268 21.1268 21.1268 20.5479 20.5479 23.8095 23.8095 24.5902 24.5902 28.8462 28.8462 30.6122 30.6122 20.5479 20.5479 20.5479 26.3158 26.3158 26.3158 26.3158 27.2727 27.2727 
28.8462 28.8462 25.8621 25.8621 21.1268 21.1268 21.1268 20.5479 20.5479 23.8095 23.8095 24.5902 24.5902 28.8462 28.8462 30.6122 30.6122 20.5479 20.5479 20.5479 26.3158 26.3158 26.3158 26.3158 27.2727 27.2727 
28.8462 28.8462 25.8621 25.8621 21.1268 21.1268 21.1268 20.5479 20.5479 23.8095 23.8095 24.5902 24.5902 28.8462 28.8462 30.6122 30.6122 20.5479 20.5479 20.5479 26.3158 26.3158 26.3158 26.3158 27.2727 27.2727 
17.3077 17.3077 15.5172 15.5172 12.6761 12.6761 12.6761 12.3288 12.3288 14.2857 14.2857 14.7541 14.7541 17.3077 17.3077 18.3673 18.3673 12.3288 12.3288 12.3288 15.7895 15.7895 15.7895 15.7895 16.3636 16.3636 
28.8462 28.8462 25.8621 25.8621 21.1268 21.1268 21.1268 20.5479 20.5479 23.8095 23.8095 24.5902 24.5902 28.8462 28.8462 30.6122 30.6122 20.5479 20.5479 20.5479 26.3158 26.3158 26.3158 26.3158 27.2727 27.2727 
28.8462 28.8462 25.8621 25.8621 21.1268 21.1268 21.1268 20.5479 20.5479 23.8095 23.8095 24.5902 24.5902 28.8462 28.8462 30.6122 30.6122 20.5479 20.5479 20.5479 26.3158 26.3158 26.3158 26.3158 27.2727 27.2727 
28.8462 28.8462 25.8621 25.8621 21.1268 21.1268 21.1268 20.5479 20.5479 23.8095 23.8095 24.5902 24.5902 28.8462 28.8462 30.6122 30.6122 20.5479 20.5479 20.5479 26.3158 26.3158 26.3158 26.3158 27.2727 27.2727 
28.8462 28.8462 25.8621 25.8621 21.1268 21.1268 21.1268 20.5479 20.5479 23.8095 23.8095 24.5902 24.5902 28.8462 28.8462 30.6122 30.6122 20.5479 20.5479 20.5479 26.3158 26.3158 26.3158 26.3158 27.2727 27.2727 
28.8462 28.8462 25.8621 25.8621 21.1268 21.1268 21.1268 20.5479 20.5479 23.8095 23.8095 24.5902 24.5902 28.8462 28.8462 30.6122 30.6122 20.5479 20.5479 20.5479 26.3158 26.3158 26.3158 26.3158 27.2727 27.2727 
8.07692 8.07692 7.24138 7.24138 5.91549 5.91549 5.91549 5.75342 5.75342 6.66667 6.66667 6.88525 6.88525 8.07692 8.07692 8.57143 8.57143 5.75342 5.75342 5.75342 7.36842 7.36842 7.36842 7.36842 7.63636 7.63636 
28.8462 28.8462 25.8621 25.8621 21.1268 21.1268 21.1268 20.5479 20.5479 23.8095 23.8095 24.5902 24.5902 28.8462 28.8462 30.6122 30.6122 20.5479 20.5479 20.5479 26.3158 26.3158 26.3158 26.3158 27.2727 27.2727 
28.8462 28.8462 25.8621 25.8621 21.1268 21.1268 21.1268 20.5479 20.5479 23.8095 23.8095 24.5902 24.5902 28.8462 28.8462 30.6122 30.6122 20.5479 20.5479 20.5479 26.3158 26.3158 26.3158 26.3158 27.2727 27.2727 
28.8462 28.8462 25.8621 25.8621 21.1268 21.1268 21.1268 20.5479 20.5479 23.8095 23.8095 24.5902 24.5902 28.8462 28.8462 30.6122 30.6122 20.5479 20.5479 20.5479 26.3158 26.3158 26.3158 26.3158 27.2727 27.2727 
28.8462 28.8462 25.8621 25.8621 21.1268 21.1268 21.1268 20.5479 20.5479 23.8095 23.8095 24.5902 24.5902 28.8462 28.8462 30.6122 30.6122 20.5479 20.5479 20.5479 26.3158 26.3158 26.3158 26.3158 27.2727 27.2727 
4.61538 4.61538 4.13793 4.13793 3.38028 3.38028 3.38028 3.28767 3.28767 3.80952 3.80952 3.93443 3.93443 4.61538 4.61538 4.89796 4.89796 3.28767 3.28767 3.28767 4.21053 4.21053 4.21053 4.21053 4.36364 4.36364 
28.8462 28.8462 25.8621 25.8621 21.1268 21.1268 21.1268 20.5479 20.5479 23.8095 23.8095 24.5902 24.5902 28.8462 28.8462 30.6122 30.6122 20.5479 20.5479 20.5479 26.3158 26.3158 26.3158 26.3158 27.2727 27.2727 
28.8462 28.8462 25.8621 25.8621 21.1268 21.1268 21.1268 20.5479 20.5479 23.8095 23.8095 24.5902 24.5902 28.8462 28.8462 30.6122 30.6122 20.5479 20.5479 20.5479 26.3158 26.3158 26.3158 26.3158 27.2727 27.2727 
28.8462 28.8462 25.8621 25.8621 21.1268 21.1268 21.1268 20.5479 20.5479 23.8095 23.8095 24.5902 24.5902 28.8462 28.8462 30.6122 30.6122 20.5479 20.5479 20.5479 26.3158 26.3158 26.3158 26.3158 27.2727 27.2727 
28.8462 28.8462 25.8621 25.8621 21.1268 21.1268 21.1268 20.5479 20.5479 23.8095 23.8095 24.5902 24.5902 28.8462 28.8462 30.6122 30.6122 20.5479 20.5479 20.5479 26.3158 26.3158 26.3158 26.3158 27.2727 27.2727 
20.7692 20.7692 18.6207 18.6207 15.2113 15.2113 15.2113 14.7945 14.7945 17.1429 17.1429 17.7049 17.7049 20.7692 20.7692 22.0408 22.0408 14.7945 14.7945 14.7945 18.9474 18.9474 18.9474 18.9474 19.6364 19.6364 
28.8462 28.8462 25.8621 25.8621 21.1268 21.1268 21.1268 20.5479 20.5479 23.8095 23.8095 24.5902 24.5902 28.8462 28.8462 30.6122 30.6122 20.5479 20.5479 20.5479 26.3158 26.3158 26.3158 26.3158 27.2727 27.2727 
28.8462 28.8462 25.8621 25.8621 21.1268 21.1268 21.1268 20.5479 20.5479 23.8095 23.8095 24.5902 24.5902 28.8462 28.8462 30.6122 30.6122 20.5479 20.5479 20.5479 26.3158 26.3158 26.3158 26.3158 27.2727 27.2727 
28.8462 28.8462 25.8621 25.8621 21.1268 21.1268 21.1268 20.5479 20.5479 23.8095 23.8095 24.5902 24.5902 28.8462 28.8462 30.6122 30.6122 20.5479 20.5479 20.5479 26.3158 26.3158 26.3158 26.3158 27.2727 27.2727 
28.8462 28.8462 25.8621 25.8621 21.1268 21.1268 21.1268 20.5479 20.5479 23.8095 23.8095 24.5902 24.5902 28.8462 28.8462 30.6122 30.6122 20.5479 20.5479 20.5479 26.3158 26.3158 26.3158 26.3158 27.2727 27.2727 
28.8462 28.8462 25.8621 25.8621 21.1268 21.1268 21.1268 20.5479 20.5479 23.8095 23.8095 24.5902 24.5902 28.8462 28.8462 30.6122 30.6122 20.5479 20.5479 20.5479 26.3158 26.3158 26.3158 26.3158 27.2727 27.2727 
21.9231 21.9231 19.6552 19.6552 16.0563 16.0563 16.0563 15.6164 15.6164 18.0952 18.0952 18.6885 18.6885 21.9231 21.9231 23.2653 23.2653 15.6164 15.6164 15.6164 20 20 20 20 20.7273 20.7273 
28.8462 28.8462 25.8621 25.8621 21.1268 21.1268 21.1268 20.5479 20.5479 23.8095 23.8095 24.5902 24.5902 28.8462 28.8462 30.6122 30.6122 20.5479 20.5479 20.5479 26.3158 26.3158 26.3158 26.3158 27.2727 27.2727 
28.8462 28.8462 25.8621 25.8621 21.1268 21.1268 21.1268 20.5479 20.5479 23.8095 23.8095 24.5902 24.5902 28.8462 28.8462 30.6122 30.6122 20.5479 20.5479 20.5479 26.3158 26.3158 26.3158 26.3158 27.2727 27.2727 
11.5385 11.5385 10.3448 10.3448 8.4507 8.4507 8.4507 8.21918 8.21918 9.52381 9.52381 9.83607 9.83607 11.5385 11.5385 12.2449 12.2449 8.21918 8.21918 8.21918 10.5263 10.5263 10.5263 10.5263 10.9091 10.9091 

33 33 27 27 41 41 41 31 31 25 25 33 33 43 43 25 25 38 38 38 45 45 35 35 38 38 

1 1 1 1 1 1 1 1 1 1 1 1 1 1 1 1 1 1 1 1 1 1 1 1 1 1 
1 1 1 1 1 1 1 1 1 1 1 1 1 1 1 1 1 1 1 1 1 1 1 1 1 1 
1 1 1 1 1 1 1 1 1 1 1 1 1 1 1 1 1 1 1 1 1 1 1 1 1 1 
1 1 1 1 1 1 1 1 1 1 1 1 1 1 1 1 1 1 1 1 1 1 1 1 1 1 
1 1 1 1 1 1 1 1 1 1 1 1 1 1 1 1 1 1 1 1 1 1 1 1 1 1 
1 1 1 1 1 1 1 1 1 1 1 1 1 1 1 1 1 1 1 1 1 1 1 1 1 1 
1 1 1 1 1 1 1 1 1 1 1 1 1 1 1 1 1 1 1 1 1 1 1 1 1 1 
1 1 1 1 1 1 1 1 1 1 1 1 1 1 1 1 1 1 1 1 1 1 1 1 1 1 
1 1 1 1 1 1 1 1 1 1 1 1 1 1 1 1 1 1 1 1 1 1 1 1 1 1 
1 1 1 1 1 1 1 1 1 1 1 1 1 1 1 1 1 1 1 1 1 1 1 1 1 1 
1 1 1 1 1 1 1 1 1 1 1 1 1 1 1 1 1 1 1 1 1 1 1 1 1 1 
1 1 1 1 1 1 1 1 1 1 1 1 1 1 1 1 1 1 1 1 1 1 1 1 1 1 
1 1 1 1 1 1 1 1 1 1 1 1 1 1 1 1 1 1 1 1 1 1 1 1 1 1 
1 1 1 1 1 1 1 1 1 1 1 1 1 1 1 1 1 1 1 1 1 1 1 1 1 1 
1 1 1 1 1 1 1 1 1 1 1 1 1 1 1 1 1 1 1 1 1 1 1 1 1 1 
1 1 1 1 1 1 1 1 1 1 1 1 1 1 1 1 1 1 1 1 1 1 1 1 1 1 
1 1 1 1 1 1 1 1 1 1 1 1 1 1 1 1 1 1 1 1 1 1 1 1 1 1 
1 1 1 1 1 1 1 1 1 1 1 1 1 1 1 1 1 1 1 1 1 1 1 1 1 1 
1 1 1 1 1 1 1 1 1 1 1 1 1 1 1 1 1 1 1 1 1 1 1 1 1 1 
1 1 1 1 1 1 1 1 1 1 1 1 1 1 1 1 1 1 1 1 1 1 1 1 1 1 
1 1 1 1 1 1 1 1 1 1 1 1 1 1 1 1 1 1 1 1 1 1 1 1 1 1 
1 1 1 1 1 1 1 1 1 1 1 1 1 1 1 1 1 1 1 1 1 1 1 1 1 1 
1 1 1 1 1 1 1 1 1 1 1 1 1 1 1 1 1 1 1 1 1 1 1 1 1 1 
1 1 1 1 1 1 1 1 1 1 1 1 1 1 1 1 1 1 1 1 1 1 1 1 1 1 
1 1 1 1 1 1 1 1 1 1 1 1 1 1 1 1 1 1 1 1 1 1 1 1 1 1 
1 1 1 1 1 1 1 1 1 1 1 1 1 1 1 1 1 1 1 1 1 1 1 1 1 1 
1 1 1 1 1 1 1 1 1 1 1 1 1 1 1 1 1 1 1 1 1 1 1 1 1 1 
1 1 1 1 1 1 1 1 1 1 1 1 1 1 1 1 1 1 1 1 1 1 1 1 1 1 
1 1 1 1 1 1 1 1 1 1 1 1 1 1 1 1 1 1 1 1 1 1 1 1 1 1 
1 1 1 1 1 1 1 1 1 1 1 1 1 1 1 1 1 1 1 1 1 1 1 1 1 1 
1 1 1 1 1 1 1 1 1 1 1 1 1 1 1 1 1 1 1 1 1 1 1 1 1 1 
1 1 1 1 1 1 1 1 1 1 1 1 1 1 1 1 1 1 1 1 1 1 1 1 1 1 
1 1 1 1 1 1 1 1 1 1 1 1 1 1 1 1 1 1 1 1 1 1 1 1 1 1 
1 1 1 1 1 1 1 1 1 1 1 1 1 1 1 1 1 1 1 1 1 1 1 1 1 1 
1 1 1 1 1 1 1 1 1 1 1 1 1 1 1 1 1 1 1 1 1 1 1 1 1 1 
1 1 1 1 1 1 1 1 1 1 1 1 1 1 1 1 1 1 1 1 1 1 1 1 1 1 
1 1 1 1 1 1 1 1 1 1 1 1 1 1 1 1 1 1 1 1 1 1 1 1 1 1 
1 1 1 1 1 1 1 1 1 1 1 1 1 1 1 1 1 1 1 1 1 1 1 1 1 1 
1 1 1 1 1 1 1 1 1 1 1 1 1 1 1 1 1 1 1 1 1 1 1 1 1 1 
1 1 1 1 1 1 1 1 1 1 1 1 1 1 1 1 1 1 1 1 1 1 1 1 1 1 
1 1 1 1 1 1 1 1 1 1 1 1 1 1 1 1 1 1 1 1 1 1 1 1 1 1 
1 1 1 1 1 1 1 1 1 1 1 1 1 1 1 1 1 1 1 1 1 1 1 1 1 1 
1 1 1 1 1 1 1 1 1 1 1 1 1 1 1 1 1 1 1 1 1 1 1 1 1 1 
1 1 1 1 1 1 1 1 1 1 1 1 1 1 1 1 1 1 1 1 1 1 1 1 1 1 
1 1 1 1 1 1 1 1 1 1 1 1 1 1 1 1 1 1 1 1 1 1 1 1 1 1 
1 1 1 1 1 1 1 1 1 1 1 1 1 1 1 1 1 1 1 1 1 1 1 1 1 1 
1 1 1 1 1 1 1 1 1 1 1 1 1 1 1 1 1 1 1 1 1 1 1 1 1 1 
1 1 1 1 1 1 1 1 1 1 1 1 1 1 1 1 1 1 1 1 1 1 1 1 1 1 
1 1 1 1 1 1 1 1 1 1 1 1 1 1 1 1 1 1 1 1 1 1 1 1 1 1 
1 1 1 1 1 1 1 1 1 1 1 1 1 1 1 1 1 1 1 1 1 1 1 1 1 1 
1 1 1 1 1 1 1 1 1 1 1 1 1 1 1 1 1 1 1 1 1 1 1 1 1 1 
1 1 1 1 1 1 1 1 1 1 1 1 1 1 1 1 1 1 1 1 1 1 1 1 1 1 
1 1 1 1 1 1 1 1 1 1 1 1 1 1 1 1 1 1 1 1 1 1 1 1 1 1 
1 1 1 1 1 1 1 1 1 1 1 1 1 1 1 1 1 1 1 1 1 1 1 1 1 1 
1 1 1 1 1 1 1 1 1 1 1 1 1 1 1 1 1 1 1 1 1 1 1 1 1 1 
1 1 1 1 1 1 1 1 1 1 1 1 1 1 1 1 1 1 1 1 1 1 1 1 1 1 
1 1 1 1 1 1 1 1 1 1 1 1 1 1 1 1 1 1 1 1 1 1 1 1 1 1 
1 1 1 1 1 1 1 1 1 1 1 1 1 1 1 1 1 1 1 1 1 1 1 1 1 1 
1 1 1 1 1 1 1 1 1 1 1 1 1 1 1 1 1 1 1 1 1 1 1 1 1 1 
1 1 1 1 1 1 1 1 1 1 1 1 1 1 1 1 1 1 1 1 1 1 1 1 1 1 
1 1 1 1 1 1 1 1 1 1 1 1 1 1 1 1 1 1 1 1 1 1 1 1 1 1 
1 1 1 1 1 1 1 1 1 1 1 1 1 1 1 1 1 1 1 1 1 1 1 1 1 1 
1 1 1 1 1 1 1 1 1 1 1 1 1 1 1 1 1 1 1 1 1 1 1 1 1 1 
1 1 1 1 1 1 1 1 1 1 1 1 1 1 1 1 1 1 1 1 1 1 1 1 1 1 
1 1 1 1 1 1 1 1 1 1 1 1 1 1 1 1 1 1 1 1 1 1 1 1 1 1 
1 1 1 1 1 1 1 1 1 1 1 1 1 1 1 1 1 1 1 1 1 1 1 1 1 1 
1 1 1 1 1 1 1 1 1 1 1 1 1 1 1 1 1 1 1 1 1 1 1 1 1 1 
1 1 1 1 1 1 1 1 1 1 1 1 1 1 1 1 1 1 1 1 1 1 1 1 1 1 

29 
14 

2 
2 
3 
2 
2 
2 
2 
1 
2 
3 
2 
2 
2 
2 

68 

83 83 75 75 75 75 75 60 60 93 93 93 93 75 75 78 62 62 75 75 75 68 68 65 65 65 65 62 62 
83 83 75 75 75 75 75 60 60 93 93 93 93 75 75 78 62 62 75 75 75 68 68 65 65 65 65 62 62 
83 83 75 75 75 75 75 60 60 93 93 93 93 75 75 78 62 62 75 75 75 68 68 65 65 65 65 62 62 
3 3 3 3 3 3 3 2 2 3 3 3 3 3 3 3 2 2 3 3 3 2 2 2 2 2 2 2 2 
83 83 75 75 75 75 75 60 60 93 93 93 93 75 75 78 62 62 75 75 75 68 68 65 65 65 65 62 62 
83 83 75 75 75 75 75 60 60 93 93 93 93 75 75 78 62 62 75 75 75 68 68 65 65 65 65 62 62 
83 83 75 75 75 75 75 60 60 93 93 93 93 75 75 78 62 62 75 75 75 68 68 65 65 65 65 62 62 
83 83 75 75 75 75 75 60 60 93 93 93 93 75 75 78 62 62 75 75 75 68 68 65 65 65 65 62 62 
83 83 75 75 75 75 75 60 60 93 93 93 93 75 75 78 62 62 75 75 75 68 68 65 65 65 65 62 62 
83 83 75 75 75 75 75 60 60 93 93 93 93 75 75 78 62 62 75 75 75 68 68 65 65 65 65 62 62 
83 83 75 75 75 75 75 60 60 93 93 93 93 75 75 78 62 62 75 75 75 68 68 65 65 65 65 62 62 
83 83 75 75 75 75 75 60 60 93 93 93 93 75 75 78 62 62 75 75 75 68 68 65 65 65 65 62 62 
83 83 75 75 75 75 75 60 60 93 93 93 93 75 75 78 62 62 75 75 75 68 68 65 65 65 65 62 62 
83 83 75 75 75 75 75 60 60 93 93 93 93 75 75 78 62 62 75 75 75 68 68 65 65 65 65 62 62 
83 83 75 75 75 75 75 60 60 93 93 93 93 75 75 78 62 62 75 75 75 68 68 65 65 65 65 62 62 
83 83 75 75 75 75 75 60 60 93 93 93 93 75 75 78 62 62 75 75 75 68 68 65 65 65 65 62 62 
6 6 6 6 6 6 6 4 4 7 7 7 7 6 6 6 5 5 6 6 6 5 5 5 5 5 5 5 5 
83 83 75 75 75 75 75 60 60 93 93 93 93 75 75 78 62 62 75 75 75 68 68 65 65 65 65 62 62 
83 83 75 75 75 75 75 60 60 93 93 93 93 75 75 78 62 62 75 75 75 68 68 65 65 65 65 62 62 
83 83 75 75 75 75 75 60 60 93 93 93 93 75 75 78 62 62 75 75 75 68 68 65 65 65 65 62 62 
83 83 75 75 75 75 75 60 60 93 93 93 93 75 75 78 62 62 75 75 75 68 68 65 65 65 65 62 62 
30 30 27 27 27 27 27 21 21 33 33 33 33 27 27 28 22 22 27 27 27 24 24 23 23 23 23 22 22 
83 83 75 75 75 75 75 60 60 93 93 93 93 75 75 78 62 62 75 75 75 68 68 65 65 65 65 62 62 
83 83 75 75 75 75 75 60 60 93 93 93 93 75 75 78 62 62 75 75 75 68 68 65 65 65 65 62 62 
83 83 75 75 75 75 75 60 60 93 93 93 93 75 75 78 62 62 75 75 75 68 68 65 65 65 65 62 62 
23 23 21 21 21 21 21 16 16 26 26 26 26 21 21 22 17 17 21 21 21 19 19 18 18 18 18 17 17 
83 83 75 75 75 75 75 60 60 93 93 93 93 75 75 78 62 62 75 75 75 68 68 65 65 65 65 62 62 
83 83 75 75 75 75 75 60 60 93 93 93 93 75 75 78 62 62 75 75 75 68 68 65 65 65 65 62 62 
83 83 75 75 75 75 75 60 60 93 93 93 93 75 75 78 62 62 75 75 75 68 68 65 65 65 65 62 62 
50 50 45 45 45 45 45 36 36 56 56 56 56 45 45 47 37 37 45 45 45 40 40 39 39 39 39 37 37 
83 83 75 75 75 75 75 60 60 93 93 93 93 75 75 78 62 62 75 75 75 68 68 65 65 65 65 62 62 
83 83 75 75 75 75 75 60 60 93 93 93 93 75 75 78 62 62 75 75 75 68 68 65 65 65 65 62 62 
83 83 75 75 75 75 75 60 60 93 93 93 93 75 75 78 62 62 75 75 75 68 68 65 65 65 65 62 62 
83 83 75 75 75 75 75 60 60 93 93 93 93 75 75 78 62 62 75 75 75 68 68 65 65 65 65 62 62 
20 20 18 18 18 18 18 14 14 22 22 22 22 18 18 18 15 15 18 18 18 16 16 15 15 15 15 15 15 
83 83 75 75 75 75 75 60 60 93 93 93 93 75 75 78 62 62 75 75 75 68 68 65 65 65 65 62 62 
83 83 75 75 75 75 75 60 60 93 93 93 93 75 75 78 62 62 75 75 75 68 68 65 65 65 65 62 62 
16 16 15 15 15 15 15 12 12 18 18 18 18 15 15 15 12 12 15 15 15 13 13 13 13 13 13 12 12 
83 83 75 75 75 75 75 60 60 93 93 93 93 75 75 78 62 62 75 75 75 68 68 65 65 65 65 62 62 
83 83 75 75 75 75 75 60 60 93 93 93 93 75 75 78 62 62 75 75 75 68 68 65 65 65 65 62 62 
83 83 75 75 75 75 75 60 60 93 93 93 93 75 75 78 62 62 75 75 75 68 68 65 65 65 65 62 62 
83 83 75 75 75 75 75 60 60 93 93 93 93 75 75 78 62 62 75 75 75 68 68 65 65 65 65 62 62 
50 50 45 45 45 45 45 36 36 56 56 56 56 45 45 47 37 37 45 45 45 40 40 39 39 39 39 37 37 
83 83 75 75 75 75 75 60 60 93 93 93 93 75 75 78 62 62 75 75 75 68 68 65 65 65 65 62 62 
83 83 75 75 75 75 75 60 60 93 93 93 93 75 75 78 62 62 75 75 75 68 68 65 65 65 65 62 62 
83 83 75 75 75 75 75 60 60 93 93 93 93 75 75 78 62 62 75 75 75 68 68 65 65 65 65 62 62 
83 83 75 75 75 75 75 60 60 93 93 93 93 75 75 78 62 62 75 75 75 68 68 65 65 65 65 62 62 
83 83 75 75 75 75 75 60 60 93 93 93 93 75 75 78 62 62 75 75 75 68 68 65 65 65 65 62 62 
23 23 21 21 21 21 21 16 16 26 26 26 26 21 21 22 17 17 21 21 21 19 19 18 18 18 18 17 17 
83 83 75 75 75 75 75 60 60 93 93 93 93 75 75 78 62 62 75 75 75 68 68 65 65 65 65 62 62 
83 83 75 75 75 75 75 60 60 93 93 93 93 75 75 78 62 62 75 75 75 68 68 65 65 65 65 62 62 
83 83 75 75 75 75 75 60 60 93 93 93 93 75 75 78 62 62 75 75 75 68 68 65 65 65 65 62 62 
83 83 75 75 75 75 75 60 60 93 93 93 93 75 75 78 62 62 75 75 75 68 68 65 65 65 65 62 62 
13 13 12 12 12 12 12 9 9 15 15 15 15 12 12 12 10 10 12 12 12 10 10 10 10 10 10 10 10 
83 83 75 75 75 75 75 60 60 93 93 93 93 75 75 78 62 62 75 75 75 68 68 65 65 65 65 62 62 
83 83 75 75 75 75 75 60 60 93 93 93 93 75 75 78 62 62 75 75 75 68 68 65 65 65 65 62 62 
83 83 75 75 75 75 75 60 60 93 93 93 93 75 75 78 62 62 75 75 75 68 68 65 65 65 65 62 62 
83 83 75 75 75 75 75 60 60 93 93 93 93 75 75 78 62 62 75 75 75 68 68 65 65 65 65 62 62 
60 60 54 54 54 54 54 43 43 67 67 67 67 54 54 56 45 45 54 54 54 49 49 46 46 46 46 45 45 
83 83 75 75 75 75 75 60 60 93 93 93 93 75 75 78 62 62 75 75 75 68 68 65 65 65 65 62 62 
83 83 75 75 75 75 75 60 60 93 93 93 93 75 75 78 62 62 75 75 75 68 68 65 65 65 65 62 62 
83 83 75 75 75 75 75 60 60 93 93 93 93 75 75 78 62 62 75 75 75 68 68 65 65 65 65 62 62 
83 83 75 75 75 75 75 60 60 93 93 93 93 75 75 78 62 62 75 75 75 68 68 65 65 65 65 62 62 
83 83 75 75 75 75 75 60 60 93 93 93 93 75 75 78 62 62 75 75 75 68 68 65 65 65 65 62 62 
63 63 57 57 57 57 57 45 45 71 71 71 71 57 57 60 47 47 57 57 57 51 51 49 49 49 49 47 47 
83 83 75 75 75 75 75 60 60 93 93 93 93 75 75 78 62 62 75 75 75 68 68 65 65 65 65 62 62 
83 83 75 75 75 75 75 60 60 93 93 93 93 75 75 78 62 62 75 75 75 68 68 65 65 65 65 62 62 
33 33 30 30 30 30 30 24 24 37 37 37 37 30 30 31 25 25 30 30 30 27 27 26 26 26 26 25 25 

36 
36 
31 
31 
37 
37 
37 
27 
27 
30 
30 
39 
39 
34 
34 
38 
32 
32 
45 
45 
45 
38 
38 
42 
42 
32 
32 
41 
41 

1 1 1 1 1 1 1 1 1 1 1 1 1 1 1 1 1 1 1 1 1 1 1 1 1 1 1 1 1 
1 1 1 1 1 1 1 1 1 1 1 1 1 1 1 1 1 1 1 1 1 1 1 1 1 1 1 1 1 
1 1 1 1 1 1 1 1 1 1 1 1 1 1 1 1 1 1 1 1 1 1 1 1 1 1 1 1 1 
1 1 1 1 1 1 1 1 1 1 1 1 1 1 1 1 1 1 1 1 1 1 1 1 1 1 1 1 1 
1 1 1 1 1 1 1 1 1 1 1 1 1 1 1 1 1 1 1 1 1 1 1 1 1 1 1 1 1 
1 1 1 1 1 1 1 1 1 1 1 1 1 1 1 1 1 1 1 1 1 1 1 1 1 1 1 1 1 
1 1 1 1 1 1 1 1 1 1 1 1 1 1 1 1 1 1 1 1 1 1 1 1 1 1 1 1 1 
1 1 1 1 1 1 1 1 1 1 1 1 1 1 1 1 1 1 1 1 1 1 1 1 1 1 1 1 1 
1 1 1 1 1 1 1 1 1 1 1 1 1 1 1 1 1 1 1 1 1 1 1 1 1 1 1 1 1 
1 1 1 1 1 1 1 1 1 1 1 1 1 1 1 1 1 1 1 1 1 1 1 1 1 1 1 1 1 
1 1 1 1 1 1 1 1 1 1 1 1 1 1 1 1 1 1 1 1 1 1 1 1 1 1 1 1 1 
1 1 1 1 1 1 1 1 1 1 1 1 1 1 1 1 1 1 1 1 1 1 1 1 1 1 1 1 1 
1 1 1 1 1 1 1 1 1 1 1 1 1 1 1 1 1 1 1 1 1 1 1 1 1 1 1 1 1 
1 1 1 1 1 1 1 1 1 1 1 1 1 1 1 1 1 1 1 1 1 1 1 1 1 1 1 1 1 
1 1 1 1 1 1 1 1 1 1 1 1 1 1 1 1 1 1 1 1 1 1 1 1 1 1 1 1 1 
1 1 1 1 1 1 1 1 1 1 1 1 1 1 1 1 1 1 1 1 1 1 1 1 1 1 1 1 1 
1 1 1 1 1 1 1 1 1 1 1 1 1 1 1 1 1 1 1 1 1 1 1 1 1 1 1 1 1 
1 1 1 1 1 1 1 1 1 1 1 1 1 1 1 1 1 1 1 1 1 1 1 1 1 1 1 1 1 
1 1 1 1 1 1 1 1 1 1 1 1 1 1 1 1 1 1 1 1 1 1 1 1 1 1 1 1 1 
1 1 1 1 1 1 1 1 1 1 1 1 1 1 1 1 1 1 1 1 1 1 1 1 1 1 1 1 1 
1 1 1 1 1 1 1 1 1 1 1 1 1 1 1 1 1 1 1 1 1 1 1 1 1 1 1 1 1 
1 1 1 1 1 1 1 1 1 1 1 1 1 1 1 1 1 1 1 1 1 1 1 1 1 1 1 1 1 
1 1 1 1 1 1 1 1 1 1 1 1 1 1 1 1 1 1 1 1 1 1 1 1 1 1 1 1 1 
1 1 1 1 1 1 1 1 1 1 1 1 1 1 1 1 1 1 1 1 1 1 1 1 1 1 1 1 1 
1 1 1 1 1 1 1 1 1 1 1 1 1 1 1 1 1 1 1 1 1 1 1 1 1 1 1 1 1 
1 1 1 1 1 1 1 1 1 1 1 1 1 1 1 1 1 1 1 1 1 1 1 1 1 1 1 1 1 
1 1 1 1 1 1 1 1 1 1 1 1 1 1 1 1 1 1 1 1 1 1 1 1 1 1 1 1 1 
1 1 1 1 1 1 1 1 1 1 1 1 1 1 1 1 1 1 1 1 1 1 1 1 1 1 1 1 1 
1 1 1 1 1 1 1 1 1 1 1 1 1 1 1 1 1 1 1 1 1 1 1 1 1 1 1 1 1 
1 1 1 1 1 1 1 1 1 1 1 1 1 1 1 1 1 1 1 1 1 1 1 1 1 1 1 1 1 
1 1 1 1 1 1 1 1 1 1 1 1 1 1 1 1 1 1 1 1 1 1 1 1 1 1 1 1 1 
1 1 1 1 1 1 1 1 1 1 1 1 1 1 1 1 1 1 1 1 1 1 1 1 1 1 1 1 1 
1 1 1 1 1 1 1 1 1 1 1 1 1 1 1 1 1 1 1 1 1 1 1 1 1 1 1 1 1 
1 1 1 1 1 1 1 1 1 1 1 1 1 1 1 1 1 1 1 1 1 1 1 1 1 1 1 1 1 
1 1 1 1 1 1 1 1 1 1 1 1 1 1 1 1 1 1 1 1 1 1 1 1 1 1 1 1 1 
1 1 1 1 1 1 1 1 1 1 1 1 1 1 1 1 1 1 1 1 1 1 1 1 1 1 1 1 1 
1 1 1 1 1 1 1 1 1 1 1 1 1 1 1 1 1 1 1 1 1 1 1 1 1 1 1 1 1 
1 1 1 1 1 1 1 1 1 1 1 1 1 1 1 1 1 1 1 1 1 1 1 1 1 1 1 1 1 
1 1 1 1 1 1 1 1 1 1 1 1 1 1 1 1 1 1 1 1 1 1 1 1 1 1 1 1 1 
1 1 1 1 1 1 1 1 1 1 1 1 1 1 1 1 1 1 1 1 1 1 1 1 1 1 1 1 1 
1 1 1 1 1 1 1 1 1 1 1 1 1 1 1 1 1 1 1 1 1 1 1 1 1 1 1 1 1 
1 1 1 1 1 1 1 1 1 1 1 1 1 1 1 1 1 1 1 1 1 1 1 1 1 1 1 1 1 
1 1 1 1 1 1 1 1 1 1 1 1 1 1 1 1 1 1 1 1 1 1 1 1 1 1 1 1 1 
1 1 1 1 1 1 1 1 1 1 1 1 1 1 1 1 1 1 1 1 1 1 1 1 1 1 1 1 1 
1 1 1 1 1 1 1 1 1 1 1 1 1 1 1 1 1 1 1 1 1 1 1 1 1 1 1 1 1 
1 1 1 1 1 1 1 1 1 1 1 1 1 1 1 1 1 1 1 1 1 1 1 1 1 1 1 1 1 
1 1 1 1 1 1 1 1 1 1 1 1 1 1 1 1 1 1 1 1 1 1 1 1 1 1 1 1 1 
1 1 1 1 1 1 1 1 1 1 1 1 1 1 1 1 1 1 1 1 1 1 1 1 1 1 1 1 1 
1 1 1 1 1 1 1 1 1 1 1 1 1 1 1 1 1 1 1 1 1 1 1 1 1 1 1 1 1 
1 1 1 1 1 1 1 1 1 1 1 1 1 1 1 1 1 1 1 1 1 1 1 1 1 1 1 1 1 
1 1 1 1 1 1 1 1 1 1 1 1 1 1 1 1 1 1 1 1 1 1 1 1 1 1 1 1 1 
1 1 1 1 1 1 1 1 1 1 1 1 1 1 1 1 1 1 1 1 1 1 1 1 1 1 1 1 1 
1 1 1 1 1 1 1 1 1 1 1 1 1 1 1 1 1 1 1 1 1 1 1 1 1 1 1 1 1 
1 1 1 1 1 1 1 1 1 1 1 1 1 1 1 1 1 1 1 1 1 1 1 1 1 1 1 1 1 
1 1 1 1 1 1 1 1 1 1 1 1 1 1 1 1 1 1 1 1 1 1 1 1 1 1 1 1 1 
1 1 1 1 1 1 1 1 1 1 1 1 1 1 1 1 1 1 1 1 1 1 1 1 1 1 1 1 1 
1 1 1 1 1 1 1 1 1 1 1 1 1 1 1 1 1 1 1 1 1 1 1 1 1 1 1 1 1 
1 1 1 1 1 1 1 1 1 1 1 1 1 1 1 1 1 1 1 1 1 1 1 1 1 1 1 1 1 
1 1 1 1 1 1 1 1 1 1 1 1 1 1 1 1 1 1 1 1 1 1 1 1 1 1 1 1 1 
1 1 1 1 1 1 1 1 1 1 1 1 1 1 1 1 1 1 1 1 1 1 1 1 1 1 1 1 1 
1 1 1 1 1 1 1 1 1 1 1 1 1 1 1 1 1 1 1 1 1 1 1 1 1 1 1 1 1 
1 1 1 1 1 1 1 1 1 1 1 1 1 1 1 1 1 1 1 1 1 1 1 1 1 1 1 1 1 
1 1 1 1 1 1 1 1 1 1 1 1 1 1 1 1 1 1 1 1 1 1 1 1 1 1 1 1 1 
1 1 1 1 1 1 1 1 1 1 1 1 1 1 1 1 1 1 1 1 1 1 1 1 1 1 1 1 1 
1 1 1 1 1 1 1 1 1 1 1 1 1 1 1 1 1 1 1 1 1 1 1 1 1 1 1 1 1 
1 1 1 1 1 1 1 1 1 1 1 1 1 1 1 1 1 1 1 1 1 1 1 1 1 1 1 1 1 
1 1 1 1 1 1 1 1 1 1 1 1 1 1 1 1 1 1 1 1 1 1 1 1 1 1 1 1 1 
1 1 1 1 1 1 1 1 1 1 1 1 1 1 1 1 1 1 1 1 1 1 1 1 1 1 1 1 1 

14 
0 1 1 1 1 1 1 1 1 1 1 1 1 1 1 1 1 1 1 1 1 1 1 1 1 1 1 1 1 1 1 1 1 1 1 1 1 1 1 1 1 1 1 1 1 1 1 1 1 1 1 1 1 1 1 1 1 1 1 1 1 1 1 1 1 1 1 1 1 
0 0 0 0 0 1 1 1 1 1 1 1 1 1 1 1 1 1 1 1 1 1 1 1 1 1 1 1 1 1 1 1 1 1 1 1 1 1 1 1 1 1 1 1 1 1 1 1 1 1 1 1 1 1 1 1 1 1 1 1 1 1 1 1 1 1 1 1 1 
0 0 0 0 0 1 1 1 1 1 1 1 1 1 1 1 1 1 1 1 1 1 1 1 1 1 1 1 1 1 1 1 1 1 1 1 1 1 1 1 1 1 1 1 1 1 1 1 1 1 1 1 1 1 1 1 1 1 1 1 1 1 1 1 1 1 1 1 1 
0 0 0 0 0 1 1 1 1 1 1 1 1 1 1 1 1 1 1 1 1 1 1 1 1 1 1 1 1 1 1 1 1 1 1 1 1 1 1 1 1 1 1 1 1 1 1 1 1 1 1 1 1 1 1 1 1 1 1 1 1 1 1 1 1 1 1 1 1 
0 0 0 0 0 1 1 1 1 1 1 1 1 1 1 1 1 1 1 1 1 1 1 1 1 1 1 1 1 1 1 1 1 1 1 1 1 1 1 1 1 1 1 1 1 1 1 1 1 1 1 1 1 1 1 1 1 1 1 1 1 1 1 1 1 1 1 1 1 
0 1 1 1 1 0 0 0 0 0 0 1 1 1 1 1 1 1 1 1 1 1 1 1 1 1 1 1 1 1 1 1 1 1 1 1 1 1 1 1 1 1 1 1 1 1 1 1 1 1 1 1 1 1 1 1 1 1 1 1 1 1 1 1 1 1 1 1 1 
0 1 1 1 1 0 0 0 0 0 0 1 1 1 1 1 1 1 1 1 1 1 1 1 1 1 1 1 1 1 1 1 1 1 1 1 1 1 1 1 1 1 1 1 1 1 1 1 1 1 1 1 1 1 1 1 1 1 1 1 1 1 1 1 1 1 1 1 1 
0 1 1 1 1 0 0 0 0 0 0 1 1 1 1 1 1 1 1 1 1 1 1 1 1 1 1 1 1 1 1 1 1 1 1 1 1 1 1 1 1 1 1 1 1 1 1 1 1 1 1 1 1 1 1 1 1 1 1 1 1 1 1 1 1 1 1 1 1 
0 1 1 1 1 0 0 0 0 0 0 1 1 1 1 1 1 1 1 1 1 1 1 1 1 1 1 1 1 1 1 1 1 1 1 1 1 1 1 1 1 1 1 1 1 1 1 1 1 1 1 1 1 1 1 1 1 1 1 1 1 1 1 1 1 1 1 1 1 
0 1 1 1 1 0 0 0 0 0 0 1 1 1 1 1 1 1 1 1 1 1 1 1 1 1 1 1 1 1 1 1 1 1 1 1 1 1 1 1 1 1 1 1 1 1 1 1 1 1 1 1 1 1 1 1 1 1 1 1 1 1 1 1 1 1 1 1 1 
0 1 1 1 1 0 0 0 0 0 0 1 1 1 1 1 1 1 1 1 1 1 1 1 1 1 1 1 1 1 1 1 1 1 1 1 1 1 1 1 1 1 1 1 1 1 1 1 1 1 1 1 1 1 1 1 1 1 1 1 1 1 1 1 1 1 1 1 1 
0 1 1 1 1 1 1 1 1 1 1 0 0 0 0 0 0 0 1 1 1 1 1 1 1 1 1 1 1 1 1 1 1 1 1 1 1 1 1 1 1 1 1 1 1 1 1 1 1 1 1 1 1 1 1 1 1 1 1 1 1 1 1 1 1 1 1 1 1 
0 1 1 1 1 1 1 1 1 1 1 0 0 0 0 0 0 0 1 1 1 1 1 1 1 1 1 1 1 1 1 1 1 1 1 1 1 1 1 1 1 1 1 1 1 1 1 1 1 1 1 1 1 1 1 1 1 1 1 1 1 1 1 1 1 1 1 1 1 
0 1 1 1 1 1 1 1 1 1 1 0 0 0 0 0 0 0 1 1 1 1 1 1 1 1 1 1 1 1 1 1 1 1 1 1 1 1 1 1 1 1 1 1 1 1 1 1 1 1 1 1 1 1 1 1 1 1 1 1 1 1 1 1 1 1 1 1 1 
0 1 1 1 1 1 1 1 1 1 1 0 0 0 0 0 0 0 1 1 1 1 1 1 1 1 1 1 1 1 1 1 1 1 1 1 1 1 1 1 1 1 1 1 1 1 1 1 1 1 1 1 1 1 1 1 1 1 1 1 1 1 1 1 1 1 1 1 1 
0 1 1 1 1 1 1 1 1 1 1 0 0 0 0 0 0 0 1 1 1 1 1 1 1 1 1 1 1 1 1 1 1 1 1 1 1 1 1 1 1 1 1 1 1 1 1 1 1 1 1 1 1 1 1 1 1 1 1 1 1 1 1 1 1 1 1 1 1 
0 1 1 1 1 1 1 1 1 1 1 0 0 0 0 0 0 0 1 1 1 1 1 1 1 1 1 1 1 1 1 1 1 1 1 1 1 1 1 1 1 1 1 1 1 1 1 1 1 1 1 1 1 1 1 1 1 1 1 1 1 1 1 1 1 1 1 1 1 
0 1 1 1 1 1 1 1 1 1 1 0 0 0 0 0 0 0 1 1 1 1 1 1 1 1 1 1 1 1 1 1 1 1 1 1 1 1 1 1 1 1 1 1 1 1 1 1 1 1 1 1 1 1 1 1 1 1 1 1 1 1 1 1 1 1 1 1 1 
0 1 1 1 1 1 1 1 1 1 1 1 1 1 1 1 1 1 0 0 0 0 0 1 1 1 1 1 1 1 1 1 1 1 1 1 1 1 1 1 1 1 1 1 1 1 1 1 1 1 1 1 1 1 1 1 1 1 1 1 1 1 1 1 1 1 1 1 1 
0 1 1 1 1 1 1 1 1 1 1 1 1 1 1 1 1 1 0 0 0 0 0 1 1 1 1 1 1 1 1 1 1 1 1 1 1 1 1 1 1 1 1 1 1 1 1 1 1 1 1 1 1 1 1 1 1 1 1 1 1 1 1 1 1 1 1 1 1 
0 1 1 1 1 1 1 1 1 1 1 1 1 1 1 1 1 1 0 0 0 0 0 1 1 1 1 1 1 1 1 1 1 1 1 1 1 1 1 1 1 1 1 1 1 1 1 1 1 1 1 1 1 1 1 1 1 1 1 1 1 1 1 1 1 1 1 1 1 
0 1 1 1 1 1 1 1 1 1 1 1 1 1 1 1 1 1 0 0 0 0 0 1 1 1 1 1 1 1 1 1 1 1 1 1 1 1 1 1 1 1 1 1 1 1 1 1 1 1 1 1 1 1 1 1 1 1 1 1 1 1 1 1 1 1 1 1 1 
0 1 1 1 1 1 1 1 1 1 1 1 1 1 1 1 1 1 0 0 0 0 0 1 1 1 1 1 1 1 1 1 1 1 1 1 1 1 1 1 1 1 1 1 1 1 1 1 1 1 1 1 1 1 1 1 1 1 1 1 1 1 1 1 1 1 1 1 1 
0 1 1 1 1 1 1 1 1 1 1 1 1 1 1 1 1 1 1 1 1 1 1 0 0 0 0 1 1 1 1 1 1 1 1 1 1 1 1 1 1 1 1 1 1 1 1 1 1 1 1 1 1 1 1 1 1 1 1 1 1 1 1 1 1 1 1 1 1 
0 1 1 1 1 1 1 1 1 1 1 1 1 1 1 1 1 1 1 1 1 1 1 0 0 0 0 1 1 1 1 1 1 1 1 1 1 1 1 1 1 1 1 1 1 1 1 1 1 1 1 1 1 1 1 1 1 1 1 1 1 1 1 1 1 1 1 1 1 
0 1 1 1 1 1 1 1 1 1 1 1 1 1 1 1 1 1 1 1 1 1 1 0 0 0 0 1 1 1 1 1 1 1 1 1 1 1 1 1 1 1 1 1 1 1 1 1 1 1 1 1 1 1 1 1 1 1 1 1 1 1 1 1 1 1 1 1 1 
0 1 1 1 1 1 1 1 1 1 1 1 1 1 1 1 1 1 1 1 1 1 1 0 0 0 0 1 1 1 1 1 1 1 1 1 1 1 1 1 1 1 1 1 1 1 1 1 1 1 1 1 1 1 1 1 1 1 1 1 1 1 1 1 1 1 1 1 1 
0 1 1 1 1 1 1 1 1 1 1 1 1 1 1 1 1 1 1 1 1 1 1 1 1 1 1 0 0 0 0 1 1 1 1 1 1 1 1 1 1 1 1 1 1 1 1 1 1 1 1 1 1 1 1 1 1 1 1 1 1 1 1 1 1 1 1 1 1 
0 1 1 1 1 1 1 1 1 1 1 1 1 1 1 1 1 1 1 1 1 1 1 1 1 1 1 0 0 0 0 1 1 1 1 1 1 1 1 1 1 1 1 1 1 1 1 1 1 1 1 1 1 1 1 1 1 1 1 1 1 1 1 1 1 1 1 1 1 
0 1 1 1 1 1 1 1 1 1 1 1 1 1 1 1 1 1 1 1 1 1 1 1 1 1 1 0 0 0 0 1 1 1 1 1 1 1 1 1 1 1 1 1 1 1 1 1 1 1 1 1 1 1 1 1 1 1 1 1 1 1 1 1 1 1 1 1 1 
0 1 1 1 1 1 1 1 1 1 1 1 1 1 1 1 1 1 1 1 1 1 1 1 1 1 1 0 0 0 0 1 1 1 1 1 1 1 1 1 1 1 1 1 1 1 1 1 1 1 1 1 1 1 1 1 1 1 1 1 1 1 1 1 1 1 1 1 1 
0 1 1 1 1 1 1 1 1 1 1 1 1 1 1 1 1 1 1 1 1 1 1 1 1 1 1 1 1 1 1 0 0 0 0 0 1 1 1 1 1 1 1 1 1 1 1 1 1 1 1 1 1 1 1 1 1 1 1 1 1 1 1 1 1 1 1 1 1 
0 1 1 1 1 1 1 1 1 1 1 1 1 1 1 1 1 1 1 1 1 1 1 1 1 1 1 1 1 1 1 0 0 0 0 0 1 1 1 1 1 1 1 1 1 1 1 1 1 1 1 1 1 1 1 1 1 1 1 1 1 1 1 1 1 1 1 1 1 
0 1 1 1 1 1 1 1 1 1 1 1 1 1 1 1 1 1 1 1 1 1 1 1 1 1 1 1 1 1 1 0 0 0 0 0 1 1 1 1 1 1 1 1 1 1 1 1 1 1 1 1 1 1 1 1 1 1 1 1 1 1 1 1 1 1 1 1 1 
0 1 1 1 1 1 1 1 1 1 1 1 1 1 1 1 1 1 1 1 1 1 1 1 1 1 1 1 1 1 1 0 0 0 0 0 1 1 1 1 1 1 1 1 1 1 1 1 1 1 1 1 1 1 1 1 1 1 1 1 1 1 1 1 1 1 1 1 1 
0 1 1 1 1 1 1 1 1 1 1 1 1 1 1 1 1 1 1 1 1 1 1 1 1 1 1 1 1 1 1 0 0 0 0 0 1 1 1 1 1 1 1 1 1 1 1 1 1 1 1 1 1 1 1 1 1 1 1 1 1 1 1 1 1 1 1 1 1 
0 1 1 1 1 1 1 1 1 1 1 1 1 1 1 1 1 1 1 1 1 1 1 1 1 1 1 1 1 1 1 1 1 1 1 1 0 0 0 1 1 1 1 1 1 1 1 1 1 1 1 1 1 1 1 1 1 1 1 1 1 1 1 1 1 1 1 1 1 
0 1 1 1 1 1 1 1 1 1 1 1 1 1 1 1 1 1 1 1 1 1 1 1 1 1 1 1 1 1 1 1 1 1 1 1 0 0 0 1 1 1 1 1 1 1 1 1 1 1 1 1 1 1 1 1 1 1 1 1 1 1 1 1 1 1 1 1 1 
0 1 1 1 1 1 1 1 1 1 1 1 1 1 1 1 1 1 1 1 1 1 1 1 1 1 1 1 1 1 1 1 1 1 1 1 0 0 0 1 1 1 1 1 1 1 1 1 1 1 1 1 1 1 1 1 1 1 1 1 1 1 1 1 1 1 1 1 1 
0 1 1 1 1 1 1 1 1 1 1 1 1 1 1 1 1 1 1 1 1 1 1 1 1 1 1 1 1 1 1 1 1 1 1 1 1 1 1 0 0 0 0 0 1 1 1 1 1 1 1 1 1 1 1 1 1 1 1 1 1 1 1 1 1 1 1 1 1 
0 1 1 1 1 1 1 1 1 1 1 1 1 1 1 1 1 1 1 1 1 1 1 1 1 1 1 1 1 1 1 1 1 1 1 1 1 1 1 0 0 0 0 0 1 1 1 1 1 1 1 1 1 1 1 1 1 1 1 1 1 1 1 1 1 1 1 1 1 
0 1 1 1 1 1 1 1 1 1 1 1 1 1 1 1 1 1 1 1 1 1 1 1 1 1 1 1 1 1 1 1 1 1 1 1 1 1 1 0 0 0 0 0 1 1 1 1 1 1 1 1 1 1 1 1 1 1 1 1 1 1 1 1 1 1 1 1 1 
0 1 1 1 1 1 1 1 1 1 1 1 1 1 1 1 1 1 1 1 1 1 1 1 1 1 1 1 1 1 1 1 1 1 1 1 1 1 1 0 0 0 0 0 1 1 1 1 1 1 1 1 1 1 1 1 1 1 1 1 1 1 1 1 1 1 1 1 1 
0 1 1 1 1 1 1 1 1 1 1 1 1 1 1 1 1 1 1 1 1 1 1 1 1 1 1 1 1 1 1 1 1 1 1 1 1 1 1 0 0 0 0 0 1 1 1 1 1 1 1 1 1 1 1 1 1 1 1 1 1 1 1 1 1 1 1 1 1 
0 1 1 1 1 1 1 1 1 1 1 1 1 1 1 1 1 1 1 1 1 1 1 1 1 1 1 1 1 1 1 1 1 1 1 1 1 1 1 1 1 1 1 1 0 0 0 0 0 0 1 1 1 1 1 1 1 1 1 1 1 1 1 1 1 1 1 1 1 
0 1 1 1 1 1 1 1 1 1 1 1 1 1 1 1 1 1 1 1 1 1 1 1 1 1 1 1 1 1 1 1 1 1 1 1 1 1 1 1 1 1 1 1 0 0 0 0 0 0 1 1 1 1 1 1 1 1 1 1 1 1 1 1 1 1 1 1 1 
0 1 1 1 1 1 1 1 1 1 1 1 1 1 1 1 1 1 1 1 1 1 1 1 1 1 1 1 1 1 1 1 1 1 1 1 1 1 1 1 1 1 1 1 0 0 0 0 0 0 1 1 1 1 1 1 1 1 1 1 1 1 1 1 1 1 1 1 1 
0 1 1 1 1 1 1 1 1 1 1 1 1 1 1 1 1 1 1 1 1 1 1 1 1 1 1 1 1 1 1 1 1 1 1 1 1 1 1 1 1 1 1 1 0 0 0 0 0 0 1 1 1 1 1 1 1 1 1 1 1 1 1 1 1 1 1 1 1 
0 1 1 1 1 1 1 1 1 1 1 1 1 1 1 1 1 1 1 1 1 1 1 1 1 1 1 1 1 1 1 1 1 1 1 1 1 1 1 1 1 1 1 1 0 0 0 0 0 0 1 1 1 1 1 1 1 1 1 1 1 1 1 1 1 1 1 1 1 
0 1 1 1 1 1 1 1 1 1 1 1 1 1 1 1 1 1 1 1 1 1 1 1 1 1 1 1 1 1 1 1 1 1 1 1 1 1 1 1 1 1 1 1 0 0 0 0 0 0 1 1 1 1 1 1 1 1 1 1 1 1 1 1 1 1 1 1 1 
0 1 1 1 1 1 1 1 1 1 1 1 1 1 1 1 1 1 1 1 1 1 1 1 1 1 1 1 1 1 1 1 1 1 1 1 1 1 1 1 1 1 1 1 1 1 1 1 1 1 0 0 0 0 0 1 1 1 1 1 1 1 1 1 1 1 1 1 1 
0 1 1 1 1 1 1 1 1 1 1 1 1 1 1 1 1 1 1 1 1 1 1 1 1 1 1 1 1 1 1 1 1 1 1 1 1 1 1 1 1 1 1 1 1 1 1 1 1 1 0 0 0 0 0 1 1 1 1 1 1 1 1 1 1 1 1 1 1 
0 1 1 1 1 1 1 1 1 1 1 1 1 1 1 1 1 1 1 1 1 1 1 1 1 1 1 1 1 1 1 1 1 1 1 1 1 1 1 1 1 1 1 1 1 1 1 1 1 1 0 0 0 0 0 1 1 1 1 1 1 1 1 1 1 1 1 1 1 
0 1 1 1 1 1 1 1 1 1 1 1 1 1 1 1 1 1 1 1 1 1 1 1 1 1 1 1 1 1 1 1 1 1 1 1 1 1 1 1 1 1 1 1 1 1 1 1 1 1 0 0 0 0 0 1 1 1 1 1 1 1 1 1 1 1 1 1 1 
0 1 1 1 1 1 1 1 1 1 1 1 1 1 1 1 1 1 1 1 1 1 1 1 1 1 1 1 1 1 1 1 1 1 1 1 1 1 1 1 1 1 1 1 1 1 1 1 1 1 0 0 0 0 0 1 1 1 1 1 1 1 1 1 1 1 1 1 1 
0 1 1 1 1 1 1 1 1 1 1 1 1 1 1 1 1 1 1 1 1 1 1 1 1 1 1 1 1 1 1 1 1 1 1 1 1 1 1 1 1 1 1 1 1 1 1 1 1 1 1 1 1 1 1 0 0 0 0 0 1 1 1 1 1 1 1 1 1 
0 1 1 1 1 1 1 1 1 1 1 1 1 1 1 1 1 1 1 1 1 1 1 1 1 1 1 1 1 1 1 1 1 1 1 1 1 1 1 1 1 1 1 1 1 1 1 1 1 1 1 1 1 1 1 0 0 0 0 0 1 1 1 1 1 1 1 1 1 
0 1 1 1 1 1 1 1 1 1 1 1 1 1 1 1 1 1 1 1 1 1 1 1 1 1 1 1 1 1 1 1 1 1 1 1 1 1 1 1 1 1 1 1 1 1 1 1 1 1 1 1 1 1 1 0 0 0 0 0 1 1 1 1 1 1 1 1 1 
0 1 1 1 1 1 1 1 1 1 1 1 1 1 1 1 1 1 1 1 1 1 1 1 1 1 1 1 1 1 1 1 1 1 1 1 1 1 1 1 1 1 1 1 1 1 1 1 1 1 1 1 1 1 1 0 0 0 0 0 1 1 1 1 1 1 1 1 1 
0 1 1 1 1 1 1 1 1 1 1 1 1 1 1 1 1 1 1 1 1 1 1 1 1 1 1 1 1 1 1 1 1 1 1 1 1 1 1 1 1 1 1 1 1 1 1 1 1 1 1 1 1 1 1 0 0 0 0 0 1 1 1 1 1 1 1 1 1 
0 1 1 1 1 1 1 1 1 1 1 1 1 1 1 1 1 1 1 1 1 1 1 1 1 1 1 1 1 1 1 1 1 1 1 1 1 1 1 1 1 1 1 1 1 1 1 1 1 1 1 1 1 1 1 1 1 1 1 1 0 0 0 0 0 0 1 1 1 
0 1 1 1 1 1 1 1 1 1 1 1 1 1 1 1 1 1 1 1 1 1 1 1 1 1 1 1 1 1 1 1 1 1 1 1 1 1 1 1 1 1 1 1 1 1 1 1 1 1 1 1 1 1 1 1 1 1 1 1 0 0 0 0 0 0 1 1 1 
0 1 1 1 1 1 1 1 1 1 1 1 1 1 1 1 1 1 1 1 1 1 1 1 1 1 1 1 1 1 1 1 1 1 1 1 1 1 1 1 1 1 1 1 1 1 1 1 1 1 1 1 1 1 1 1 1 1 1 1 0 0 0 0 0 0 1 1 1 
0 1 1 1 1 1 1 1 1 1 1 1 1 1 1 1 1 1 1 1 1 1 1 1 1 1 1 1 1 1 1 1 1 1 1 1 1 1 1 1 1 1 1 1 1 1 1 1 1 1 1 1 1 1 1 1 1 1 1 1 0 0 0 0 0 0 1 1 1 
0 1 1 1 1 1 1 1 1 1 1 1 1 1 1 1 1 1 1 1 1 1 1 1 1 1 1 1 1 1 1 1 1 1 1 1 1 1 1 1 1 1 1 1 1 1 1 1 1 1 1 1 1 1 1 1 1 1 1 1 0 0 0 0 0 0 1 1 1 
0 1 1 1 1 1 1 1 1 1 1 1 1 1 1 1 1 1 1 1 1 1 1 1 1 1 1 1 1 1 1 1 1 1 1 1 1 1 1 1 1 1 1 1 1 1 1 1 1 1 1 1 1 1 1 1 1 1 1 1 0 0 0 0 0 0 1 1 1 
0 1 1 1 1 1 1 1 1 1 1 1 1 1 1 1 1 1 1 1 1 1 1 1 1 1 1 1 1 1 1 1 1 1 1 1 1 1 1 1 1 1 1 1 1 1 1 1 1 1 1 1 1 1 1 1 1 1 1 1 1 1 1 1 1 1 0 0 0 
0 1 1 1 1 1 1 1 1 1 1 1 1 1 1 1 1 1 1 1 1 1 1 1 1 1 1 1 1 1 1 1 1 1 1 1 1 1 1 1 1 1 1 1 1 1 1 1 1 1 1 1 1 1 1 1 1 1 1 1 1 1 1 1 1 1 0 0 0 
0 1 1 1 1 1 1 1 1 1 1 1 1 1 1 1 1 1 1 1 1 1 1 1 1 1 1 1 1 1 1 1 1 1 1 1 1 1 1 1 1 1 1 1 1 1 1 1 1 1 1 1 1 1 1 1 1 1 1 1 1 1 1 1 1 1 0 0 0 

0 1 1 1 1 1 1 1 1 1 1 1 1 1 1 1 1 1 1 1 1 1 1 1 1 1 1 1 1 1 1 1 1 1 1 1 1 1 1 1 1 1 1 1 1 1 1 1 1 1 1 1 1 1 1 1 1 1 1 1 1 1 1 1 1 1 1 1 1 
0 0 0 0 0 1 1 1 1 1 1 1 1 1 1 1 1 1 1 1 1 1 1 1 1 1 1 1 1 1 1 1 1 1 1 1 1 1 1 1 1 1 1 1 1 1 1 1 1 1 1 1 1 1 1 1 1 1 1 1 1 1 1 1 1 1 1 1 1 
0 0 0 0 0 1 1 1 1 1 1 1 1 1 1 1 1 1 1 1 1 1 1 1 1 1 1 1 1 1 1 1 1 1 1 1 1 1 1 1 1 1 1 1 1 1 1 1 1 1 1 1 1 1 1 1 1 1 1 1 1 1 1 1 1 1 1 1 1 
0 0 0 0 0 1 1 1 1 1 1 1 1 1 1 1 1 1 1 1 1 1 1 1 1 1 1 1 1 1 1 1 1 1 1 1 1 1 1 1 1 1 1 1 1 1 1 1 1 1 1 1 1 1 1 1 1 1 1 1 1 1 1 1 1 1 1 1 1 
0 0 0 0 0 1 1 1 1 1 1 1 1 1 1 1 1 1 1 1 1 1 1 1 1 1 1 1 1 1 1 1 1 1 1 1 1 1 1 1 1 1 1 1 1 1 1 1 1 1 1 1 1 1 1 1 1 1 1 1 1 1 1 1 1 1 1 1 1 
0 1 1 1 1 0 0 0 0 0 0 1 1 1 1 1 1 1 1 1 1 1 1 1 1 1 1 1 1 1 1 1 1 1 1 1 1 1 1 1 1 1 1 1 1 1 1 1 1 1 1 1 1 1 1 1 1 1 1 1 1 1 1 1 1 1 1 1 1 
0 1 1 1 1 0 0 0 0 0 0 1 1 1 1 1 1 1 1 1 1 1 1 1 1 1 1 1 1 1 1 1 1 1 1 1 1 1 1 1 1 1 1 1 1 1 1 1 1 1 1 1 1 1 1 1 1 1 1 1 1 1 1 1 1 1 1 1 1 
0 1 1 1 1 0 0 0 0 0 0 1 1 1 1 1 1 1 1 1 1 1 1 1 1 1 1 1 1 1 1 1 1 1 1 1 1 1 1 1 1 1 1 1 1 1 1 1 1 1 1 1 1 1 1 1 1 1 1 1 1 1 1 1 1 1 1 1 1 
0 1 1 1 1 0 0 0 0 0 0 1 1 1 1 1 1 1 1 1 1 1 1 1 1 1 1 1 1 1 1 1 1 1 1 1 1 1 1 1 1 1 1 1 1 1 1 1 1 1 1 1 1 1 1 1 1 1 1 1 1 1 1 1 1 1 1 1 1 
0 1 1 1 1 0 0 0 0 0 0 1 1 1 1 1 1 1 1 1 1 1 1 1 1 1 1 1 1 1 1 1 1 1 1 1 1 1 1 1 1 1 1 1 1 1 1 1 1 1 1 1 1 1 1 1 1 1 1 1 1 1 1 1 1 1 1 1 1 
0 1 1 1 1 0 0 0 0 0 0 1 1 1 1 1 1 1 1 1 1 1 1 1 1 1 1 1 1 1 1 1 1 1 1 1 1 1 1 1 1 1 1 1 1 1 1 1 1 1 1 1 1 1 1 1 1 1 1 1 1 1 1 1 1 1 1 1 1 
0 1 1 1 1 1 1 1 1 1 1 0 0 0 0 0 0 0 1 1 1 1 1 1 1 1 1 1 1 1 1 1 1 1 1 1 1 1 1 1 1 1 1 1 1 1 1 1 1 1 1 1 1 1 1 1 1 1 1 1 1 1 1 1 1 1 1 1 1 
0 1 1 1 1 1 1 1 1 1 1 0 0 0 0 0 0 0 1 1 1 1 1 1 1 1 1 1 1 1 1 1 1 1 1 1 1 1 1 1 1 1 1 1 1 1 1 1 1 1 1 1 1 1 1 1 1 1 1 1 1 1 1 1 1 1 1 1 1 
0 1 1 1 1 1 1 1 1 1 1 0 0 0 0 0 0 0 1 1 1 1 1 1 1 1 1 1 1 1 1 1 1 1 1 1 1 1 1 1 1 1 1 1 1 1 1 1 1 1 1 1 1 1 1 1 1 1 1 1 1 1 1 1 1 1 1 1 1 
0 1 1 1 1 1 1 1 1 1 1 0 0 0 0 0 0 0 1 1 1 1 1 1 1 1 1 1 1 1 1 1 1 1 1 1 1 1 1 1 1 1 1 1 1 1 1 1 1 1 1 1 1 1 1 1 1 1 1 1 1 1 1 1 1 1 1 1 1 
0 1 1 1 1 1 1 1 1 1 1 0 0 0 0 0 0 0 1 1 1 1 1 1 1 1 1 1 1 1 1 1 1 1 1 1 1 1 1 1 1 1 1 1 1 1 1 1 1 1 1 1 1 1 1 1 1 1 1 1 1 1 1 1 1 1 1 1 1 
0 1 1 1 1 1 1 1 1 1 1 0 0 0 0 0 0 0 1 1 1 1 1 1 1 1 1 1 1 1 1 1 1 1 1 1 1 1 1 1 1 1 1 1 1 1 1 1 1 1 1 1 1 1 1 1 1 1 1 1 1 1 1 1 1 1 1 1 1 
0 1 1 1 1 1 1 1 1 1 1 0 0 0 0 0 0 0 1 1 1 1 1 1 1 1 1 1 1 1 1 1 1 1 1 1 1 1 1 1 1 1 1 1 1 1 1 1 1 1 1 1 1 1 1 1 1 1 1 1 1 1 1 1 1 1 1 1 1 
0 1 1 1 1 1 1 1 1 1 1 1 1 1 1 1 1 1 0 0 0 0 0 1 1 1 1 1 1 1 1 1 1 1 1 1 1 1 1 1 1 1 1 1 1 1 1 1 1 1 1 1 1 1 1 1 1 1 1 1 1 1 1 1 1 1 1 1 1 
0 1 1 1 1 1 1 1 1 1 1 1 1 1 1 1 1 1 0 0 0 0 0 1 1 1 1 1 1 1 1 1 1 1 1 1 1 1 1 1 1 1 1 1 1 1 1 1 1 1 1 1 1 1 1 1 1 1 1 1 1 1 1 1 1 1 1 1 1 
0 1 1 1 1 1 1 1 1 1 1 1 1 1 1 1 1 1 0 0 0 0 0 1 1 1 1 1 1 1 1 1 1 1 1 1 1 1 1 1 1 1 1 1 1 1 1 1 1 1 1 1 1 1 1 1 1 1 1 1 1 1 1 1 1 1 1 1 1 
0 1 1 1 1 1 1 1 1 1 1 1 1 1 1 1 1 1 0 0 0 0 0 1 1 1 1 1 1 1 1 1 1 1 1 1 1 1 1 1 1 1 1 1 1 1 1 1 1 1 1 1 1 1 1 1 1 1 1 1 1 1 1 1 1 1 1 1 1 
0 1 1 1 1 1 1 1 1 1 1 1 1 1 1 1 1 1 0 0 0 0 0 1 1 1 1 1 1 1 1 1 1 1 1 1 1 1 1 1 1 1 1 1 1 1 1 1 1 1 1 1 1 1 1 1 1 1 1 1 1 1 1 1 1 1 1 1 1 
0 1 1 1 1 1 1 1 1 1 1 1 1 1 1 1 1 1 1 1 1 1 1 0 0 0 0 1 1 1 1 1 1 1 1 1 1 1 1 1 1 1 1 1 1 1 1 1 1 1 1 1 1 1 1 1 1 1 1 1 1 1 1 1 1 1 1 1 1 
0 1 1 1 1 1 1 1 1 1 1 1 1 1 1 1 1 1 1 1 1 1 1 0 0 0 0 1 1 1 1 1 1 1 1 1 1 1 1 1 1 1 1 1 1 1 1 1 1 1 1 1 1 1 1 1 1 1 1 1 1 1 1 1 1 1 1 1 1 
0 1 1 1 1 1 1 1 1 1 1 1 1 1 1 1 1 1 1 1 1 1 1 0 0 0 0 1 1 1 1 1 1 1 1 1 1 1 1 1 1 1 1 1 1 1 1 1 1 1 1 1 1 1 1 1 1 1 1 1 1 1 1 1 1 1 1 1 1 
0 1 1 1 1 1 1 1 1 1 1 1 1 1 1 1 1 1 1 1 1 1 1 0 0 0 0 1 1 1 1 1 1 1 1 1 1 1 1 1 1 1 1 1 1 1 1 1 1 1 1 1 1 1 1 1 1 1 1 1 1 1 1 1 1 1 1 1 1 
0 1 1 1 1 1 1 1 1 1 1 1 1 1 1 1 1 1 1 1 1 1 1 1 1 1 1 0 0 0 0 1 1 1 1 1 1 1 1 1 1 1 1 1 1 1 1 1 1 1 1 1 1 1 1 1 1 1 1 1 1 1 1 1 1 1 1 1 1 
0 1 1 1 1 1 1 1 1 1 1 1 1 1 1 1 1 1 1 1 1 1 1 1 1 1 1 0 0 0 0 1 1 1 1 1 1 1 1 1 1 1 1 1 1 1 1 1 1 1 1 1 1 1 1 1 1 1 1 1 1 1 1 1 1 1 1 1 1 
0 1 1 1 1 1 1 1 1 1 1 1 1 1 1 1 1 1 1 1 1 1 1 1 1 1 1 0 0 0 0 1 1 1 1 1 1 1 1 1 1 1 1 1 1 1 1 1 1 1 1 1 1 1 1 1 1 1 1 1 1 1 1 1 1 1 1 1 1 
0 1 1 1 1 1 1 1 1 1 1 1 1 1 1 1 1 1 1 1 1 1 1 1 1 1 1 0 0 0 0 1 1 1 1 1 1 1 1 1 1 1 1 1 1 1 1 1 1 1 1 1 1 1 1 1 1 1 1 1 1 1 1 1 1 1 1 1 1 
0 1 1 1 1 1 1 1 1 1 1 1 1 1 1 1 1 1 1 1 1 1 1 1 1 1 1 1 1 1 1 0 0 0 0 0 1 1 1 1 1 1 1 1 1 1 1 1 1 1 1 1 1 1 1 1 1 1 1 1 1 1 1 1 1 1 1 1 1 
0 1 1 1 1 1 1 1 1 1 1 1 1 1 1 1 1 1 1 1 1 1 1 1 1 1 1 1 1 1 1 0 0 0 0 0 1 1 1 1 1 1 1 1 1 1 1 1 1 1 1 1 1 1 1 1 1 1 1 1 1 1 1 1 1 1 1 1 1 
0 1 1 1 1 1 1 1 1 1 1 1 1 1 1 1 1 1 1 1 1 1 1 1 1 1 1 1 1 1 1 0 0 0 0 0 1 1 1 1 1 1 1 1 1 1 1 1 1 1 1 1 1 1 1 1 1 1 1 1 1 1 1 1 1 1 1 1 1 
0 1 1 1 1 1 1 1 1 1 1 1 1 1 1 1 1 1 1 1 1 1 1 1 1 1 1 1 1 1 1 0 0 0 0 0 1 1 1 1 1 1 1 1 1 1 1 1 1 1 1 1 1 1 1 1 1 1 1 1 1 1 1 1 1 1 1 1 1 
0 1 1 1 1 1 1 1 1 1 1 1 1 1 1 1 1 1 1 1 1 1 1 1 1 1 1 1 1 1 1 0 0 0 0 0 1 1 1 1 1 1 1 1 1 1 1 1 1 1 1 1 1 1 1 1 1 1 1 1 1 1 1 1 1 1 1 1 1 
0 1 1 1 1 1 1 1 1 1 1 1 1 1 1 1 1 1 1 1 1 1 1 1 1 1 1 1 1 1 1 1 1 1 1 1 0 0 0 1 1 1 1 1 1 1 1 1 1 1 1 1 1 1 1 1 1 1 1 1 1 1 1 1 1 1 1 1 1 
0 1 1 1 1 1 1 1 1 1 1 1 1 1 1 1 1 1 1 1 1 1 1 1 1 1 1 1 1 1 1 1 1 1 1 1 0 0 0 1 1 1 1 1 1 1 1 1 1 1 1 1 1 1 1 1 1 1 1 1 1 1 1 1 1 1 1 1 1 
0 1 1 1 1 1 1 1 1 1 1 1 1 1 1 1 1 1 1 1 1 1 1 1 1 1 1 1 1 1 1 1 1 1 1 1 0 0 0 1 1 1 1 1 1 1 1 1 1 1 1 1 1 1 1 1 1 1 1 1 1 1 1 1 1 1 1 1 1 
0 1 1 1 1 1 1 1 1 1 1 1 1 1 1 1 1 1 1 1 1 1 1 1 1 1 1 1 1 1 1 1 1 1 1 1 1 1 1 0 0 0 0 0 1 1 1 1 1 1 1 1 1 1 1 1 1 1 1 1 1 1 1 1 1 1 1 1 1 
0 1 1 1 1 1 1 1 1 1 1 1 1 1 1 1 1 1 1 1 1 1 1 1 1 1 1 1 1 1 1 1 1 1 1 1 1 1 1 0 0 0 0 0 1 1 1 1 1 1 1 1 1 1 1 1 1 1 1 1 1 1 1 1 1 1 1 1 1 
0 1 1 1 1 1 1 1 1 1 1 1 1 1 1 1 1 1 1 1 1 1 1 1 1 1 1 1 1 1 1 1 1 1 1 1 1 1 1 0 0 0 0 0 1 1 1 1 1 1 1 1 1 1 1 1 1 1 1 1 1 1 1 1 1 1 1 1 1 
0 1 1 1 1 1 1 1 1 1 1 1 1 1 1 1 1 1 1 1 1 1 1 1 1 1 1 1 1 1 1 1 1 1 1 1 1 1 1 0 0 0 0 0 1 1 1 1 1 1 1 1 1 1 1 1 1 1 1 1 1 1 1 1 1 1 1 1 1 
0 1 1 1 1 1 1 1 1 1 1 1 1 1 1 1 1 1 1 1 1 1 1 1 1 1 1 1 1 1 1 1 1 1 1 1 1 1 1 0 0 0 0 0 1 1 1 1 1 1 1 1 1 1 1 1 1 1 1 1 1 1 1 1 1 1 1 1 1 
0 1 1 1 1 1 1 1 1 1 1 1 1 1 1 1 1 1 1 1 1 1 1 1 1 1 1 1 1 1 1 1 1 1 1 1 1 1 1 1 1 1 1 1 0 0 0 0 0 0 1 1 1 1 1 1 1 1 1 1 1 1 1 1 1 1 1 1 1 
0 1 1 1 1 1 1 1 1 1 1 1 1 1 1 1 1 1 1 1 1 1 1 1 1 1 1 1 1 1 1 1 1 1 1 1 1 1 1 1 1 1 1 1 0 0 0 0 0 0 1 1 1 1 1 1 1 1 1 1 1 1 1 1 1 1 1 1 1 
0 1 1 1 1 1 1 1 1 1 1 1 1 1 1 1 1 1 1 1 1 1 1 1 1 1 1 1 1 1 1 1 1 1 1 1 1 1 1 1 1 1 1 1 0 0 0 0 0 0 1 1 1 1 1 1 1 1 1 1 1 1 1 1 1 1 1 1 1 
0 1 1 1 1 1 1 1 1 1 1 1 1 1 1 1 1 1 1 1 1 1 1 1 1 1 1 1 1 1 1 1 1 1 1 1 1 1 1 1 1 1 1 1 0 0 0 0 0 0 1 1 1 1 1 1 1 1 1 1 1 1 1 1 1 1 1 1 1 
0 1 1 1 1 1 1 1 1 1 1 1 1 1 1 1 1 1 1 1 1 1 1 1 1 1 1 1 1 1 1 1 1 1 1 1 1 1 1 1 1 1 1 1 0 0 0 0 0 0 1 1 1 1 1 1 1 1 1 1 1 1 1 1 1 1 1 1 1 
0 1 1 1 1 1 1 1 1 1 1 1 1 1 1 1 1 1 1 1 1 1 1 1 1 1 1 1 1 1 1 1 1 1 1 1 1 1 1 1 1 1 1 1 0 0 0 0 0 0 1 1 1 1 1 1 1 1 1 1 1 1 1 1 1 1 1 1 1 
0 1 1 1 1 1 1 1 1 1 1 1 1 1 1 1 1 1 1 1 1 1 1 1 1 1 1 1 1 1 1 1 1 1 1 1 1 1 1 1 1 1 1 1 1 1 1 1 1 1 0 0 0 0 0 1 1 1 1 1 1 1 1 1 1 1 1 1 1 
0 1 1 1 1 1 1 1 1 1 1 1 1 1 1 1 1 1 1 1 1 1 1 1 1 1 1 1 1 1 1 1 1 1 1 1 1 1 1 1 1 1 1 1 1 1 1 1 1 1 0 0 0 0 0 1 1 1 1 1 1 1 1 1 1 1 1 1 1 
0 1 1 1 1 1 1 1 1 1 1 1 1 1 1 1 1 1 1 1 1 1 1 1 1 1 1 1 1 1 1 1 1 1 1 1 1 1 1 1 1 1 1 1 1 1 1 1 1 1 0 0 0 0 0 1 1 1 1 1 1 1 1 1 1 1 1 1 1 
0 1 1 1 1 1 1 1 1 1 1 1 1 1 1 1 1 1 1 1 1 1 1 1 1 1 1 1 1 1 1 1 1 1 1 1 1 1 1 1 1 1 1 1 1 1 1 1 1 1 0 0 0 0 0 1 1 1 1 1 1 1 1 1 1 1 1 1 1 
0 1 1 1 1 1 1 1 1 1 1 1 1 1 1 1 1 1 1 1 1 1 1 1 1 1 1 1 1 1 1 1 1 1 1 1 1 1 1 1 1 1 1 1 1 1 1 1 1 1 0 0 0 0 0 1 1 1 1 1 1 1 1 1 1 1 1 1 1 
0 1 1 1 1 1 1 1 1 1 1 1 1 1 1 1 1 1 1 1 1 1 1 1 1 1 1 1 1 1 1 1 1 1 1 1 1 1 1 1 1 1 1 1 1 1 1 1 1 1 1 1 1 1 1 0 0 0 0 0 1 1 1 1 1 1 1 1 1 
0 1 1 1 1 1 1 1 1 1 1 1 1 1 1 1 1 1 1 1 1 1 1 1 1 1 1 1 1 1 1 1 1 1 1 1 1 1 1 1 1 1 1 1 1 1 1 1 1 1 1 1 1 1 1 0 0 0 0 0 1 1 1 1 1 1 1 1 1 
0 1 1 1 1 1 1 1 1 1 1 1 1 1 1 1 1 1 1 1 1 1 1 1 1 1 1 1 1 1 1 1 1 1 1 1 1 1 1 1 1 1 1 1 1 1 1 1 1 1 1 1 1 1 1 0 0 0 0 0 1 1 1 1 1 1 1 1 1 
0 1 1 1 1 1 1 1 1 1 1 1 1 1 1 1 1 1 1 1 1 1 1 1 1 1 1 1 1 1 1 1 1 1 1 1 1 1 1 1 1 1 1 1 1 1 1 1 1 1 1 1 1 1 1 0 0 0 0 0 1 1 1 1 1 1 1 1 1 
0 1 1 1 1 1 1 1 1 1 1 1 1 1 1 1 1 1 1 1 1 1 1 1 1 1 1 1 1 1 1 1 1 1 1 1 1 1 1 1 1 1 1 1 1 1 1 1 1 1 1 1 1 1 1 0 0 0 0 0 1 1 1 1 1 1 1 1 1 
0 1 1 1 1 1 1 1 1 1 1 1 1 1 1 1 1 1 1 1 1 1 1 1 1 1 1 1 1 1 1 1 1 1 1 1 1 1 1 1 1 1 1 1 1 1 1 1 1 1 1 1 1 1 1 1 1 1 1 1 0 0 0 0 0 0 1 1 1 
0 1 1 1 1 1 1 1 1 1 1 1 1 1 1 1 1 1 1 1 1 1 1 1 1 1 1 1 1 1 1 1 1 1 1 1 1 1 1 1 1 1 1 1 1 1 1 1 1 1 1 1 1 1 1 1 1 1 1 1 0 0 0 0 0 0 1 1 1 
0 1 1 1 1 1 1 1 1 1 1 1 1 1 1 1 1 1 1 1 1 1 1 1 1 1 1 1 1 1 1 1 1 1 1 1 1 1 1 1 1 1 1 1 1 1 1 1 1 1 1 1 1 1 1 1 1 1 1 1 0 0 0 0 0 0 1 1 1 
0 1 1 1 1 1 1 1 1 1 1 1 1 1 1 1 1 1 1 1 1 1 1 1 1 1 1 1 1 1 1 1 1 1 1 1 1 1 1 1 1 1 1 1 1 1 1 1 1 1 1 1 1 1 1 1 1 1 1 1 0 0 0 0 0 0 1 1 1 
0 1 1 1 1 1 1 1 1 1 1 1 1 1 1 1 1 1 1 1 1 1 1 1 1 1 1 1 1 1 1 1 1 1 1 1 1 1 1 1 1 1 1 1 1 1 1 1 1 1 1 1 1 1 1 1 1 1 1 1 0 0 0 0 0 0 1 1 1 
0 1 1 1 1 1 1 1 1 1 1 1 1 1 1 1 1 1 1 1 1 1 1 1 1 1 1 1 1 1 1 1 1 1 1 1 1 1 1 1 1 1 1 1 1 1 1 1 1 1 1 1 1 1 1 1 1 1 1 1 0 0 0 0 0 0 1 1 1 
0 1 1 1 1 1 1 1 1 1 1 1 1 1 1 1 1 1 1 1 1 1 1 1 1 1 1 1 1 1 1 1 1 1 1 1 1 1 1 1 1 1 1 1 1 1 1 1 1 1 1 1 1 1 1 1 1 1 1 1 1 1 1 1 1 1 0 0 0 
0 1 1 1 1 1 1 1 1 1 1 1 1 1 1 1 1 1 1 1 1 1 1 1 1 1 1 1 1 1 1 1 1 1 1 1 1 1 1 1 1 1 1 1 1 1 1 1 1 1 1 1 1 1 1 1 1 1 1 1 1 1 1 1 1 1 0 0 0 
0 1 1 1 1 1 1 1 1 1 1 1 1 1 1 1 1 1 1 1 1 1 1 1 1 1 1 1 1 1 1 1 1 1 1 1 1 1 1 1 1 1 1 1 1 1 1 1 1 1 1 1 1 1 1 1 1 1 1 1 1 1 1 1 1 1 0 0 0 

12
14
