26 
12 

2 
2 
3 
2 
2 
2 
2 
2 
3 
2 
2 
2 

60 

22.0588 22.0588 28.3019 28.3019 21.4286 21.4286 21.4286 29.4118 29.4118 23.4375 23.4375 28.8462 28.8462 24.1935 24.1935 20.2703 20.2703 20.8333 20.8333 20.8333 27.2727 27.2727 21.4286 21.4286 23.4375 23.4375 
22.0588 22.0588 28.3019 28.3019 21.4286 21.4286 21.4286 29.4118 29.4118 23.4375 23.4375 28.8462 28.8462 24.1935 24.1935 20.2703 20.2703 20.8333 20.8333 20.8333 27.2727 27.2727 21.4286 21.4286 23.4375 23.4375 
22.0588 22.0588 28.3019 28.3019 21.4286 21.4286 21.4286 29.4118 29.4118 23.4375 23.4375 28.8462 28.8462 24.1935 24.1935 20.2703 20.2703 20.8333 20.8333 20.8333 27.2727 27.2727 21.4286 21.4286 23.4375 23.4375 
7.05882 7.05882 9.0566 9.0566 6.85714 6.85714 6.85714 9.41177 9.41177 7.5 7.5 9.23077 9.23077 7.74194 7.74194 6.48649 6.48649 6.66667 6.66667 6.66667 8.72727 8.72727 6.85714 6.85714 7.5 7.5 
22.0588 22.0588 28.3019 28.3019 21.4286 21.4286 21.4286 29.4118 29.4118 23.4375 23.4375 28.8462 28.8462 24.1935 24.1935 20.2703 20.2703 20.8333 20.8333 20.8333 27.2727 27.2727 21.4286 21.4286 23.4375 23.4375 
22.0588 22.0588 28.3019 28.3019 21.4286 21.4286 21.4286 29.4118 29.4118 23.4375 23.4375 28.8462 28.8462 24.1935 24.1935 20.2703 20.2703 20.8333 20.8333 20.8333 27.2727 27.2727 21.4286 21.4286 23.4375 23.4375 
22.0588 22.0588 28.3019 28.3019 21.4286 21.4286 21.4286 29.4118 29.4118 23.4375 23.4375 28.8462 28.8462 24.1935 24.1935 20.2703 20.2703 20.8333 20.8333 20.8333 27.2727 27.2727 21.4286 21.4286 23.4375 23.4375 
1.76471 1.76471 2.26415 2.26415 1.71429 1.71429 1.71429 2.35294 2.35294 1.875 1.875 2.30769 2.30769 1.93548 1.93548 1.62162 1.62162 1.66667 1.66667 1.66667 2.18182 2.18182 1.71429 1.71429 1.875 1.875 
22.0588 22.0588 28.3019 28.3019 21.4286 21.4286 21.4286 29.4118 29.4118 23.4375 23.4375 28.8462 28.8462 24.1935 24.1935 20.2703 20.2703 20.8333 20.8333 20.8333 27.2727 27.2727 21.4286 21.4286 23.4375 23.4375 
22.0588 22.0588 28.3019 28.3019 21.4286 21.4286 21.4286 29.4118 29.4118 23.4375 23.4375 28.8462 28.8462 24.1935 24.1935 20.2703 20.2703 20.8333 20.8333 20.8333 27.2727 27.2727 21.4286 21.4286 23.4375 23.4375 
22.0588 22.0588 28.3019 28.3019 21.4286 21.4286 21.4286 29.4118 29.4118 23.4375 23.4375 28.8462 28.8462 24.1935 24.1935 20.2703 20.2703 20.8333 20.8333 20.8333 27.2727 27.2727 21.4286 21.4286 23.4375 23.4375 
22.0588 22.0588 28.3019 28.3019 21.4286 21.4286 21.4286 29.4118 29.4118 23.4375 23.4375 28.8462 28.8462 24.1935 24.1935 20.2703 20.2703 20.8333 20.8333 20.8333 27.2727 27.2727 21.4286 21.4286 23.4375 23.4375 
22.0588 22.0588 28.3019 28.3019 21.4286 21.4286 21.4286 29.4118 29.4118 23.4375 23.4375 28.8462 28.8462 24.1935 24.1935 20.2703 20.2703 20.8333 20.8333 20.8333 27.2727 27.2727 21.4286 21.4286 23.4375 23.4375 
10.5882 10.5882 13.5849 13.5849 10.2857 10.2857 10.2857 14.1176 14.1176 11.25 11.25 13.8462 13.8462 11.6129 11.6129 9.72973 9.72973 10 10 10 13.0909 13.0909 10.2857 10.2857 11.25 11.25 
22.0588 22.0588 28.3019 28.3019 21.4286 21.4286 21.4286 29.4118 29.4118 23.4375 23.4375 28.8462 28.8462 24.1935 24.1935 20.2703 20.2703 20.8333 20.8333 20.8333 27.2727 27.2727 21.4286 21.4286 23.4375 23.4375 
22.0588 22.0588 28.3019 28.3019 21.4286 21.4286 21.4286 29.4118 29.4118 23.4375 23.4375 28.8462 28.8462 24.1935 24.1935 20.2703 20.2703 20.8333 20.8333 20.8333 27.2727 27.2727 21.4286 21.4286 23.4375 23.4375 
22.0588 22.0588 28.3019 28.3019 21.4286 21.4286 21.4286 29.4118 29.4118 23.4375 23.4375 28.8462 28.8462 24.1935 24.1935 20.2703 20.2703 20.8333 20.8333 20.8333 27.2727 27.2727 21.4286 21.4286 23.4375 23.4375 
22.0588 22.0588 28.3019 28.3019 21.4286 21.4286 21.4286 29.4118 29.4118 23.4375 23.4375 28.8462 28.8462 24.1935 24.1935 20.2703 20.2703 20.8333 20.8333 20.8333 27.2727 27.2727 21.4286 21.4286 23.4375 23.4375 
20.2941 20.2941 26.0377 26.0377 19.7143 19.7143 19.7143 27.0588 27.0588 21.5625 21.5625 26.5385 26.5385 22.2581 22.2581 18.6486 18.6486 19.1667 19.1667 19.1667 25.0909 25.0909 19.7143 19.7143 21.5625 21.5625 
22.0588 22.0588 28.3019 28.3019 21.4286 21.4286 21.4286 29.4118 29.4118 23.4375 23.4375 28.8462 28.8462 24.1935 24.1935 20.2703 20.2703 20.8333 20.8333 20.8333 27.2727 27.2727 21.4286 21.4286 23.4375 23.4375 
22.0588 22.0588 28.3019 28.3019 21.4286 21.4286 21.4286 29.4118 29.4118 23.4375 23.4375 28.8462 28.8462 24.1935 24.1935 20.2703 20.2703 20.8333 20.8333 20.8333 27.2727 27.2727 21.4286 21.4286 23.4375 23.4375 
4.41176 4.41176 5.66038 5.66038 4.28571 4.28571 4.28571 5.88235 5.88235 4.6875 4.6875 5.76923 5.76923 4.83871 4.83871 4.05405 4.05405 4.16667 4.16667 4.16667 5.45455 5.45455 4.28571 4.28571 4.6875 4.6875 
22.0588 22.0588 28.3019 28.3019 21.4286 21.4286 21.4286 29.4118 29.4118 23.4375 23.4375 28.8462 28.8462 24.1935 24.1935 20.2703 20.2703 20.8333 20.8333 20.8333 27.2727 27.2727 21.4286 21.4286 23.4375 23.4375 
22.0588 22.0588 28.3019 28.3019 21.4286 21.4286 21.4286 29.4118 29.4118 23.4375 23.4375 28.8462 28.8462 24.1935 24.1935 20.2703 20.2703 20.8333 20.8333 20.8333 27.2727 27.2727 21.4286 21.4286 23.4375 23.4375 
22.0588 22.0588 28.3019 28.3019 21.4286 21.4286 21.4286 29.4118 29.4118 23.4375 23.4375 28.8462 28.8462 24.1935 24.1935 20.2703 20.2703 20.8333 20.8333 20.8333 27.2727 27.2727 21.4286 21.4286 23.4375 23.4375 
22.0588 22.0588 28.3019 28.3019 21.4286 21.4286 21.4286 29.4118 29.4118 23.4375 23.4375 28.8462 28.8462 24.1935 24.1935 20.2703 20.2703 20.8333 20.8333 20.8333 27.2727 27.2727 21.4286 21.4286 23.4375 23.4375 
22.0588 22.0588 28.3019 28.3019 21.4286 21.4286 21.4286 29.4118 29.4118 23.4375 23.4375 28.8462 28.8462 24.1935 24.1935 20.2703 20.2703 20.8333 20.8333 20.8333 27.2727 27.2727 21.4286 21.4286 23.4375 23.4375 
15.8824 15.8824 20.3774 20.3774 15.4286 15.4286 15.4286 21.1765 21.1765 16.875 16.875 20.7692 20.7692 17.4194 17.4194 14.5946 14.5946 15 15 15 19.6364 19.6364 15.4286 15.4286 16.875 16.875 
22.0588 22.0588 28.3019 28.3019 21.4286 21.4286 21.4286 29.4118 29.4118 23.4375 23.4375 28.8462 28.8462 24.1935 24.1935 20.2703 20.2703 20.8333 20.8333 20.8333 27.2727 27.2727 21.4286 21.4286 23.4375 23.4375 
22.0588 22.0588 28.3019 28.3019 21.4286 21.4286 21.4286 29.4118 29.4118 23.4375 23.4375 28.8462 28.8462 24.1935 24.1935 20.2703 20.2703 20.8333 20.8333 20.8333 27.2727 27.2727 21.4286 21.4286 23.4375 23.4375 
19.4118 19.4118 24.9057 24.9057 18.8571 18.8571 18.8571 25.8824 25.8824 20.625 20.625 25.3846 25.3846 21.2903 21.2903 17.8378 17.8378 18.3333 18.3333 18.3333 24 24 18.8571 18.8571 20.625 20.625 
22.0588 22.0588 28.3019 28.3019 21.4286 21.4286 21.4286 29.4118 29.4118 23.4375 23.4375 28.8462 28.8462 24.1935 24.1935 20.2703 20.2703 20.8333 20.8333 20.8333 27.2727 27.2727 21.4286 21.4286 23.4375 23.4375 
22.0588 22.0588 28.3019 28.3019 21.4286 21.4286 21.4286 29.4118 29.4118 23.4375 23.4375 28.8462 28.8462 24.1935 24.1935 20.2703 20.2703 20.8333 20.8333 20.8333 27.2727 27.2727 21.4286 21.4286 23.4375 23.4375 
22.0588 22.0588 28.3019 28.3019 21.4286 21.4286 21.4286 29.4118 29.4118 23.4375 23.4375 28.8462 28.8462 24.1935 24.1935 20.2703 20.2703 20.8333 20.8333 20.8333 27.2727 27.2727 21.4286 21.4286 23.4375 23.4375 
22.0588 22.0588 28.3019 28.3019 21.4286 21.4286 21.4286 29.4118 29.4118 23.4375 23.4375 28.8462 28.8462 24.1935 24.1935 20.2703 20.2703 20.8333 20.8333 20.8333 27.2727 27.2727 21.4286 21.4286 23.4375 23.4375 
22.0588 22.0588 28.3019 28.3019 21.4286 21.4286 21.4286 29.4118 29.4118 23.4375 23.4375 28.8462 28.8462 24.1935 24.1935 20.2703 20.2703 20.8333 20.8333 20.8333 27.2727 27.2727 21.4286 21.4286 23.4375 23.4375 
22.0588 22.0588 28.3019 28.3019 21.4286 21.4286 21.4286 29.4118 29.4118 23.4375 23.4375 28.8462 28.8462 24.1935 24.1935 20.2703 20.2703 20.8333 20.8333 20.8333 27.2727 27.2727 21.4286 21.4286 23.4375 23.4375 
12.3529 12.3529 15.8491 15.8491 12 12 12 16.4706 16.4706 13.125 13.125 16.1538 16.1538 13.5484 13.5484 11.3514 11.3514 11.6667 11.6667 11.6667 15.2727 15.2727 12 12 13.125 13.125 
22.0588 22.0588 28.3019 28.3019 21.4286 21.4286 21.4286 29.4118 29.4118 23.4375 23.4375 28.8462 28.8462 24.1935 24.1935 20.2703 20.2703 20.8333 20.8333 20.8333 27.2727 27.2727 21.4286 21.4286 23.4375 23.4375 
22.0588 22.0588 28.3019 28.3019 21.4286 21.4286 21.4286 29.4118 29.4118 23.4375 23.4375 28.8462 28.8462 24.1935 24.1935 20.2703 20.2703 20.8333 20.8333 20.8333 27.2727 27.2727 21.4286 21.4286 23.4375 23.4375 
22.0588 22.0588 28.3019 28.3019 21.4286 21.4286 21.4286 29.4118 29.4118 23.4375 23.4375 28.8462 28.8462 24.1935 24.1935 20.2703 20.2703 20.8333 20.8333 20.8333 27.2727 27.2727 21.4286 21.4286 23.4375 23.4375 
22.0588 22.0588 28.3019 28.3019 21.4286 21.4286 21.4286 29.4118 29.4118 23.4375 23.4375 28.8462 28.8462 24.1935 24.1935 20.2703 20.2703 20.8333 20.8333 20.8333 27.2727 27.2727 21.4286 21.4286 23.4375 23.4375 
22.0588 22.0588 28.3019 28.3019 21.4286 21.4286 21.4286 29.4118 29.4118 23.4375 23.4375 28.8462 28.8462 24.1935 24.1935 20.2703 20.2703 20.8333 20.8333 20.8333 27.2727 27.2727 21.4286 21.4286 23.4375 23.4375 
13.2353 13.2353 16.9811 16.9811 12.8571 12.8571 12.8571 17.6471 17.6471 14.0625 14.0625 17.3077 17.3077 14.5161 14.5161 12.1622 12.1622 12.5 12.5 12.5 16.3636 16.3636 12.8571 12.8571 14.0625 14.0625 
22.0588 22.0588 28.3019 28.3019 21.4286 21.4286 21.4286 29.4118 29.4118 23.4375 23.4375 28.8462 28.8462 24.1935 24.1935 20.2703 20.2703 20.8333 20.8333 20.8333 27.2727 27.2727 21.4286 21.4286 23.4375 23.4375 
4.41176 4.41176 5.66038 5.66038 4.28571 4.28571 4.28571 5.88235 5.88235 4.6875 4.6875 5.76923 5.76923 4.83871 4.83871 4.05405 4.05405 4.16667 4.16667 4.16667 5.45455 5.45455 4.28571 4.28571 4.6875 4.6875 
22.0588 22.0588 28.3019 28.3019 21.4286 21.4286 21.4286 29.4118 29.4118 23.4375 23.4375 28.8462 28.8462 24.1935 24.1935 20.2703 20.2703 20.8333 20.8333 20.8333 27.2727 27.2727 21.4286 21.4286 23.4375 23.4375 
22.0588 22.0588 28.3019 28.3019 21.4286 21.4286 21.4286 29.4118 29.4118 23.4375 23.4375 28.8462 28.8462 24.1935 24.1935 20.2703 20.2703 20.8333 20.8333 20.8333 27.2727 27.2727 21.4286 21.4286 23.4375 23.4375 
22.0588 22.0588 28.3019 28.3019 21.4286 21.4286 21.4286 29.4118 29.4118 23.4375 23.4375 28.8462 28.8462 24.1935 24.1935 20.2703 20.2703 20.8333 20.8333 20.8333 27.2727 27.2727 21.4286 21.4286 23.4375 23.4375 
15 15 19.2453 19.2453 14.5714 14.5714 14.5714 20 20 15.9375 15.9375 19.6154 19.6154 16.4516 16.4516 13.7838 13.7838 14.1667 14.1667 14.1667 18.5455 18.5455 14.5714 14.5714 15.9375 15.9375 
22.0588 22.0588 28.3019 28.3019 21.4286 21.4286 21.4286 29.4118 29.4118 23.4375 23.4375 28.8462 28.8462 24.1935 24.1935 20.2703 20.2703 20.8333 20.8333 20.8333 27.2727 27.2727 21.4286 21.4286 23.4375 23.4375 
22.0588 22.0588 28.3019 28.3019 21.4286 21.4286 21.4286 29.4118 29.4118 23.4375 23.4375 28.8462 28.8462 24.1935 24.1935 20.2703 20.2703 20.8333 20.8333 20.8333 27.2727 27.2727 21.4286 21.4286 23.4375 23.4375 
22.0588 22.0588 28.3019 28.3019 21.4286 21.4286 21.4286 29.4118 29.4118 23.4375 23.4375 28.8462 28.8462 24.1935 24.1935 20.2703 20.2703 20.8333 20.8333 20.8333 27.2727 27.2727 21.4286 21.4286 23.4375 23.4375 
22.0588 22.0588 28.3019 28.3019 21.4286 21.4286 21.4286 29.4118 29.4118 23.4375 23.4375 28.8462 28.8462 24.1935 24.1935 20.2703 20.2703 20.8333 20.8333 20.8333 27.2727 27.2727 21.4286 21.4286 23.4375 23.4375 
22.0588 22.0588 28.3019 28.3019 21.4286 21.4286 21.4286 29.4118 29.4118 23.4375 23.4375 28.8462 28.8462 24.1935 24.1935 20.2703 20.2703 20.8333 20.8333 20.8333 27.2727 27.2727 21.4286 21.4286 23.4375 23.4375 
12.3529 12.3529 15.8491 15.8491 12 12 12 16.4706 16.4706 13.125 13.125 16.1538 16.1538 13.5484 13.5484 11.3514 11.3514 11.6667 11.6667 11.6667 15.2727 15.2727 12 12 13.125 13.125 
22.0588 22.0588 28.3019 28.3019 21.4286 21.4286 21.4286 29.4118 29.4118 23.4375 23.4375 28.8462 28.8462 24.1935 24.1935 20.2703 20.2703 20.8333 20.8333 20.8333 27.2727 27.2727 21.4286 21.4286 23.4375 23.4375 
22.0588 22.0588 28.3019 28.3019 21.4286 21.4286 21.4286 29.4118 29.4118 23.4375 23.4375 28.8462 28.8462 24.1935 24.1935 20.2703 20.2703 20.8333 20.8333 20.8333 27.2727 27.2727 21.4286 21.4286 23.4375 23.4375 
22.0588 22.0588 28.3019 28.3019 21.4286 21.4286 21.4286 29.4118 29.4118 23.4375 23.4375 28.8462 28.8462 24.1935 24.1935 20.2703 20.2703 20.8333 20.8333 20.8333 27.2727 27.2727 21.4286 21.4286 23.4375 23.4375 
14.1176 14.1176 18.1132 18.1132 13.7143 13.7143 13.7143 18.8235 18.8235 15 15 18.4615 18.4615 15.4839 15.4839 12.973 12.973 13.3333 13.3333 13.3333 17.4545 17.4545 13.7143 13.7143 15 15 

33 33 32 32 40 40 40 26 26 41 41 35 35 32 32 33 33 37 37 37 41 41 33 33 45 45 

1 1 1 1 1 1 1 1 1 1 1 1 1 1 1 1 1 1 1 1 1 1 1 1 1 1 
1 1 1 1 1 1 1 1 1 1 1 1 1 1 1 1 1 1 1 1 1 1 1 1 1 1 
1 1 1 1 1 1 1 1 1 1 1 1 1 1 1 1 1 1 1 1 1 1 1 1 1 1 
1 1 1 1 1 1 1 1 1 1 1 1 1 1 1 1 1 1 1 1 1 1 1 1 1 1 
1 1 1 1 1 1 1 1 1 1 1 1 1 1 1 1 1 1 1 1 1 1 1 1 1 1 
1 1 1 1 1 1 1 1 1 1 1 1 1 1 1 1 1 1 1 1 1 1 1 1 1 1 
1 1 1 1 1 1 1 1 1 1 1 1 1 1 1 1 1 1 1 1 1 1 1 1 1 1 
1 1 1 1 1 1 1 1 1 1 1 1 1 1 1 1 1 1 1 1 1 1 1 1 1 1 
1 1 1 1 1 1 1 1 1 1 1 1 1 1 1 1 1 1 1 1 1 1 1 1 1 1 
1 1 1 1 1 1 1 1 1 1 1 1 1 1 1 1 1 1 1 1 1 1 1 1 1 1 
1 1 1 1 1 1 1 1 1 1 1 1 1 1 1 1 1 1 1 1 1 1 1 1 1 1 
1 1 1 1 1 1 1 1 1 1 1 1 1 1 1 1 1 1 1 1 1 1 1 1 1 1 
1 1 1 1 1 1 1 1 1 1 1 1 1 1 1 1 1 1 1 1 1 1 1 1 1 1 
1 1 1 1 1 1 1 1 1 1 1 1 1 1 1 1 1 1 1 1 1 1 1 1 1 1 
1 1 1 1 1 1 1 1 1 1 1 1 1 1 1 1 1 1 1 1 1 1 1 1 1 1 
1 1 1 1 1 1 1 1 1 1 1 1 1 1 1 1 1 1 1 1 1 1 1 1 1 1 
1 1 1 1 1 1 1 1 1 1 1 1 1 1 1 1 1 1 1 1 1 1 1 1 1 1 
1 1 1 1 1 1 1 1 1 1 1 1 1 1 1 1 1 1 1 1 1 1 1 1 1 1 
1 1 1 1 1 1 1 1 1 1 1 1 1 1 1 1 1 1 1 1 1 1 1 1 1 1 
1 1 1 1 1 1 1 1 1 1 1 1 1 1 1 1 1 1 1 1 1 1 1 1 1 1 
1 1 1 1 1 1 1 1 1 1 1 1 1 1 1 1 1 1 1 1 1 1 1 1 1 1 
1 1 1 1 1 1 1 1 1 1 1 1 1 1 1 1 1 1 1 1 1 1 1 1 1 1 
1 1 1 1 1 1 1 1 1 1 1 1 1 1 1 1 1 1 1 1 1 1 1 1 1 1 
1 1 1 1 1 1 1 1 1 1 1 1 1 1 1 1 1 1 1 1 1 1 1 1 1 1 
1 1 1 1 1 1 1 1 1 1 1 1 1 1 1 1 1 1 1 1 1 1 1 1 1 1 
1 1 1 1 1 1 1 1 1 1 1 1 1 1 1 1 1 1 1 1 1 1 1 1 1 1 
1 1 1 1 1 1 1 1 1 1 1 1 1 1 1 1 1 1 1 1 1 1 1 1 1 1 
1 1 1 1 1 1 1 1 1 1 1 1 1 1 1 1 1 1 1 1 1 1 1 1 1 1 
1 1 1 1 1 1 1 1 1 1 1 1 1 1 1 1 1 1 1 1 1 1 1 1 1 1 
1 1 1 1 1 1 1 1 1 1 1 1 1 1 1 1 1 1 1 1 1 1 1 1 1 1 
1 1 1 1 1 1 1 1 1 1 1 1 1 1 1 1 1 1 1 1 1 1 1 1 1 1 
1 1 1 1 1 1 1 1 1 1 1 1 1 1 1 1 1 1 1 1 1 1 1 1 1 1 
1 1 1 1 1 1 1 1 1 1 1 1 1 1 1 1 1 1 1 1 1 1 1 1 1 1 
1 1 1 1 1 1 1 1 1 1 1 1 1 1 1 1 1 1 1 1 1 1 1 1 1 1 
1 1 1 1 1 1 1 1 1 1 1 1 1 1 1 1 1 1 1 1 1 1 1 1 1 1 
1 1 1 1 1 1 1 1 1 1 1 1 1 1 1 1 1 1 1 1 1 1 1 1 1 1 
1 1 1 1 1 1 1 1 1 1 1 1 1 1 1 1 1 1 1 1 1 1 1 1 1 1 
1 1 1 1 1 1 1 1 1 1 1 1 1 1 1 1 1 1 1 1 1 1 1 1 1 1 
1 1 1 1 1 1 1 1 1 1 1 1 1 1 1 1 1 1 1 1 1 1 1 1 1 1 
1 1 1 1 1 1 1 1 1 1 1 1 1 1 1 1 1 1 1 1 1 1 1 1 1 1 
1 1 1 1 1 1 1 1 1 1 1 1 1 1 1 1 1 1 1 1 1 1 1 1 1 1 
1 1 1 1 1 1 1 1 1 1 1 1 1 1 1 1 1 1 1 1 1 1 1 1 1 1 
1 1 1 1 1 1 1 1 1 1 1 1 1 1 1 1 1 1 1 1 1 1 1 1 1 1 
1 1 1 1 1 1 1 1 1 1 1 1 1 1 1 1 1 1 1 1 1 1 1 1 1 1 
1 1 1 1 1 1 1 1 1 1 1 1 1 1 1 1 1 1 1 1 1 1 1 1 1 1 
1 1 1 1 1 1 1 1 1 1 1 1 1 1 1 1 1 1 1 1 1 1 1 1 1 1 
1 1 1 1 1 1 1 1 1 1 1 1 1 1 1 1 1 1 1 1 1 1 1 1 1 1 
1 1 1 1 1 1 1 1 1 1 1 1 1 1 1 1 1 1 1 1 1 1 1 1 1 1 
1 1 1 1 1 1 1 1 1 1 1 1 1 1 1 1 1 1 1 1 1 1 1 1 1 1 
1 1 1 1 1 1 1 1 1 1 1 1 1 1 1 1 1 1 1 1 1 1 1 1 1 1 
1 1 1 1 1 1 1 1 1 1 1 1 1 1 1 1 1 1 1 1 1 1 1 1 1 1 
1 1 1 1 1 1 1 1 1 1 1 1 1 1 1 1 1 1 1 1 1 1 1 1 1 1 
1 1 1 1 1 1 1 1 1 1 1 1 1 1 1 1 1 1 1 1 1 1 1 1 1 1 
1 1 1 1 1 1 1 1 1 1 1 1 1 1 1 1 1 1 1 1 1 1 1 1 1 1 
1 1 1 1 1 1 1 1 1 1 1 1 1 1 1 1 1 1 1 1 1 1 1 1 1 1 
1 1 1 1 1 1 1 1 1 1 1 1 1 1 1 1 1 1 1 1 1 1 1 1 1 1 
1 1 1 1 1 1 1 1 1 1 1 1 1 1 1 1 1 1 1 1 1 1 1 1 1 1 
1 1 1 1 1 1 1 1 1 1 1 1 1 1 1 1 1 1 1 1 1 1 1 1 1 1 
1 1 1 1 1 1 1 1 1 1 1 1 1 1 1 1 1 1 1 1 1 1 1 1 1 1 
1 1 1 1 1 1 1 1 1 1 1 1 1 1 1 1 1 1 1 1 1 1 1 1 1 1 

29 
14 

2 
2 
3 
2 
2 
2 
2 
1 
2 
3 
2 
2 
2 
2 

60 

75 75 88 88 60 60 60 83 83 60 60 65 65 60 60 88 88 88 60 60 60 83 83 88 88 93 93 78 78 
75 75 88 88 60 60 60 83 83 60 60 65 65 60 60 88 88 88 60 60 60 83 83 88 88 93 93 78 78 
75 75 88 88 60 60 60 83 83 60 60 65 65 60 60 88 88 88 60 60 60 83 83 88 88 93 93 78 78 
24 24 28 28 19 19 19 26 26 19 19 20 20 19 19 28 28 28 19 19 19 26 26 28 28 30 30 25 25 
75 75 88 88 60 60 60 83 83 60 60 65 65 60 60 88 88 88 60 60 60 83 83 88 88 93 93 78 78 
75 75 88 88 60 60 60 83 83 60 60 65 65 60 60 88 88 88 60 60 60 83 83 88 88 93 93 78 78 
75 75 88 88 60 60 60 83 83 60 60 65 65 60 60 88 88 88 60 60 60 83 83 88 88 93 93 78 78 
6 6 7 7 4 4 4 6 6 4 4 5 5 4 4 7 7 7 4 4 4 6 6 7 7 7 7 6 6 
75 75 88 88 60 60 60 83 83 60 60 65 65 60 60 88 88 88 60 60 60 83 83 88 88 93 93 78 78 
75 75 88 88 60 60 60 83 83 60 60 65 65 60 60 88 88 88 60 60 60 83 83 88 88 93 93 78 78 
75 75 88 88 60 60 60 83 83 60 60 65 65 60 60 88 88 88 60 60 60 83 83 88 88 93 93 78 78 
75 75 88 88 60 60 60 83 83 60 60 65 65 60 60 88 88 88 60 60 60 83 83 88 88 93 93 78 78 
75 75 88 88 60 60 60 83 83 60 60 65 65 60 60 88 88 88 60 60 60 83 83 88 88 93 93 78 78 
36 36 42 42 28 28 28 40 40 28 28 31 31 28 28 42 42 42 28 28 28 40 40 42 42 45 45 37 37 
75 75 88 88 60 60 60 83 83 60 60 65 65 60 60 88 88 88 60 60 60 83 83 88 88 93 93 78 78 
75 75 88 88 60 60 60 83 83 60 60 65 65 60 60 88 88 88 60 60 60 83 83 88 88 93 93 78 78 
75 75 88 88 60 60 60 83 83 60 60 65 65 60 60 88 88 88 60 60 60 83 83 88 88 93 93 78 78 
75 75 88 88 60 60 60 83 83 60 60 65 65 60 60 88 88 88 60 60 60 83 83 88 88 93 93 78 78 
69 69 81 81 55 55 55 76 76 55 55 60 60 55 55 81 81 81 55 55 55 76 76 81 81 86 86 72 72 
75 75 88 88 60 60 60 83 83 60 60 65 65 60 60 88 88 88 60 60 60 83 83 88 88 93 93 78 78 
75 75 88 88 60 60 60 83 83 60 60 65 65 60 60 88 88 88 60 60 60 83 83 88 88 93 93 78 78 
15 15 17 17 12 12 12 16 16 12 12 13 13 12 12 17 17 17 12 12 12 16 16 17 17 18 18 15 15 
75 75 88 88 60 60 60 83 83 60 60 65 65 60 60 88 88 88 60 60 60 83 83 88 88 93 93 78 78 
75 75 88 88 60 60 60 83 83 60 60 65 65 60 60 88 88 88 60 60 60 83 83 88 88 93 93 78 78 
75 75 88 88 60 60 60 83 83 60 60 65 65 60 60 88 88 88 60 60 60 83 83 88 88 93 93 78 78 
75 75 88 88 60 60 60 83 83 60 60 65 65 60 60 88 88 88 60 60 60 83 83 88 88 93 93 78 78 
75 75 88 88 60 60 60 83 83 60 60 65 65 60 60 88 88 88 60 60 60 83 83 88 88 93 93 78 78 
54 54 63 63 43 43 43 60 60 43 43 46 46 43 43 63 63 63 43 43 43 60 60 63 63 67 67 56 56 
75 75 88 88 60 60 60 83 83 60 60 65 65 60 60 88 88 88 60 60 60 83 83 88 88 93 93 78 78 
75 75 88 88 60 60 60 83 83 60 60 65 65 60 60 88 88 88 60 60 60 83 83 88 88 93 93 78 78 
66 66 77 77 52 52 52 73 73 52 52 57 57 52 52 77 77 77 52 52 52 73 73 77 77 82 82 69 69 
75 75 88 88 60 60 60 83 83 60 60 65 65 60 60 88 88 88 60 60 60 83 83 88 88 93 93 78 78 
75 75 88 88 60 60 60 83 83 60 60 65 65 60 60 88 88 88 60 60 60 83 83 88 88 93 93 78 78 
75 75 88 88 60 60 60 83 83 60 60 65 65 60 60 88 88 88 60 60 60 83 83 88 88 93 93 78 78 
75 75 88 88 60 60 60 83 83 60 60 65 65 60 60 88 88 88 60 60 60 83 83 88 88 93 93 78 78 
75 75 88 88 60 60 60 83 83 60 60 65 65 60 60 88 88 88 60 60 60 83 83 88 88 93 93 78 78 
75 75 88 88 60 60 60 83 83 60 60 65 65 60 60 88 88 88 60 60 60 83 83 88 88 93 93 78 78 
42 42 49 49 33 33 33 46 46 33 33 36 36 33 33 49 49 49 33 33 33 46 46 49 49 52 52 44 44 
75 75 88 88 60 60 60 83 83 60 60 65 65 60 60 88 88 88 60 60 60 83 83 88 88 93 93 78 78 
75 75 88 88 60 60 60 83 83 60 60 65 65 60 60 88 88 88 60 60 60 83 83 88 88 93 93 78 78 
75 75 88 88 60 60 60 83 83 60 60 65 65 60 60 88 88 88 60 60 60 83 83 88 88 93 93 78 78 
75 75 88 88 60 60 60 83 83 60 60 65 65 60 60 88 88 88 60 60 60 83 83 88 88 93 93 78 78 
75 75 88 88 60 60 60 83 83 60 60 65 65 60 60 88 88 88 60 60 60 83 83 88 88 93 93 78 78 
45 45 52 52 36 36 36 50 50 36 36 39 39 36 36 52 52 52 36 36 36 50 50 52 52 56 56 47 47 
75 75 88 88 60 60 60 83 83 60 60 65 65 60 60 88 88 88 60 60 60 83 83 88 88 93 93 78 78 
15 15 17 17 12 12 12 16 16 12 12 13 13 12 12 17 17 17 12 12 12 16 16 17 17 18 18 15 15 
75 75 88 88 60 60 60 83 83 60 60 65 65 60 60 88 88 88 60 60 60 83 83 88 88 93 93 78 78 
75 75 88 88 60 60 60 83 83 60 60 65 65 60 60 88 88 88 60 60 60 83 83 88 88 93 93 78 78 
75 75 88 88 60 60 60 83 83 60 60 65 65 60 60 88 88 88 60 60 60 83 83 88 88 93 93 78 78 
51 51 60 60 40 40 40 56 56 40 40 44 44 40 40 60 60 60 40 40 40 56 56 60 60 63 63 53 53 
75 75 88 88 60 60 60 83 83 60 60 65 65 60 60 88 88 88 60 60 60 83 83 88 88 93 93 78 78 
75 75 88 88 60 60 60 83 83 60 60 65 65 60 60 88 88 88 60 60 60 83 83 88 88 93 93 78 78 
75 75 88 88 60 60 60 83 83 60 60 65 65 60 60 88 88 88 60 60 60 83 83 88 88 93 93 78 78 
75 75 88 88 60 60 60 83 83 60 60 65 65 60 60 88 88 88 60 60 60 83 83 88 88 93 93 78 78 
75 75 88 88 60 60 60 83 83 60 60 65 65 60 60 88 88 88 60 60 60 83 83 88 88 93 93 78 78 
42 42 49 49 33 33 33 46 46 33 33 36 36 33 33 49 49 49 33 33 33 46 46 49 49 52 52 44 44 
75 75 88 88 60 60 60 83 83 60 60 65 65 60 60 88 88 88 60 60 60 83 83 88 88 93 93 78 78 
75 75 88 88 60 60 60 83 83 60 60 65 65 60 60 88 88 88 60 60 60 83 83 88 88 93 93 78 78 
75 75 88 88 60 60 60 83 83 60 60 65 65 60 60 88 88 88 60 60 60 83 83 88 88 93 93 78 78 
48 48 56 56 38 38 38 53 53 38 38 41 41 38 38 56 56 56 38 38 38 53 53 56 56 60 60 50 50 

28 
28 
43 
43 
42 
42 
42 
33 
33 
43 
43 
36 
36 
38 
38 
31 
31 
31 
42 
42 
42 
29 
29 
44 
44 
37 
37 
29 
29 

1 1 1 1 1 1 1 1 1 1 1 1 1 1 1 1 1 1 1 1 1 1 1 1 1 1 1 1 1 
1 1 1 1 1 1 1 1 1 1 1 1 1 1 1 1 1 1 1 1 1 1 1 1 1 1 1 1 1 
1 1 1 1 1 1 1 1 1 1 1 1 1 1 1 1 1 1 1 1 1 1 1 1 1 1 1 1 1 
1 1 1 1 1 1 1 1 1 1 1 1 1 1 1 1 1 1 1 1 1 1 1 1 1 1 1 1 1 
1 1 1 1 1 1 1 1 1 1 1 1 1 1 1 1 1 1 1 1 1 1 1 1 1 1 1 1 1 
1 1 1 1 1 1 1 1 1 1 1 1 1 1 1 1 1 1 1 1 1 1 1 1 1 1 1 1 1 
1 1 1 1 1 1 1 1 1 1 1 1 1 1 1 1 1 1 1 1 1 1 1 1 1 1 1 1 1 
1 1 1 1 1 1 1 1 1 1 1 1 1 1 1 1 1 1 1 1 1 1 1 1 1 1 1 1 1 
1 1 1 1 1 1 1 1 1 1 1 1 1 1 1 1 1 1 1 1 1 1 1 1 1 1 1 1 1 
1 1 1 1 1 1 1 1 1 1 1 1 1 1 1 1 1 1 1 1 1 1 1 1 1 1 1 1 1 
1 1 1 1 1 1 1 1 1 1 1 1 1 1 1 1 1 1 1 1 1 1 1 1 1 1 1 1 1 
1 1 1 1 1 1 1 1 1 1 1 1 1 1 1 1 1 1 1 1 1 1 1 1 1 1 1 1 1 
1 1 1 1 1 1 1 1 1 1 1 1 1 1 1 1 1 1 1 1 1 1 1 1 1 1 1 1 1 
1 1 1 1 1 1 1 1 1 1 1 1 1 1 1 1 1 1 1 1 1 1 1 1 1 1 1 1 1 
1 1 1 1 1 1 1 1 1 1 1 1 1 1 1 1 1 1 1 1 1 1 1 1 1 1 1 1 1 
1 1 1 1 1 1 1 1 1 1 1 1 1 1 1 1 1 1 1 1 1 1 1 1 1 1 1 1 1 
1 1 1 1 1 1 1 1 1 1 1 1 1 1 1 1 1 1 1 1 1 1 1 1 1 1 1 1 1 
1 1 1 1 1 1 1 1 1 1 1 1 1 1 1 1 1 1 1 1 1 1 1 1 1 1 1 1 1 
1 1 1 1 1 1 1 1 1 1 1 1 1 1 1 1 1 1 1 1 1 1 1 1 1 1 1 1 1 
1 1 1 1 1 1 1 1 1 1 1 1 1 1 1 1 1 1 1 1 1 1 1 1 1 1 1 1 1 
1 1 1 1 1 1 1 1 1 1 1 1 1 1 1 1 1 1 1 1 1 1 1 1 1 1 1 1 1 
1 1 1 1 1 1 1 1 1 1 1 1 1 1 1 1 1 1 1 1 1 1 1 1 1 1 1 1 1 
1 1 1 1 1 1 1 1 1 1 1 1 1 1 1 1 1 1 1 1 1 1 1 1 1 1 1 1 1 
1 1 1 1 1 1 1 1 1 1 1 1 1 1 1 1 1 1 1 1 1 1 1 1 1 1 1 1 1 
1 1 1 1 1 1 1 1 1 1 1 1 1 1 1 1 1 1 1 1 1 1 1 1 1 1 1 1 1 
1 1 1 1 1 1 1 1 1 1 1 1 1 1 1 1 1 1 1 1 1 1 1 1 1 1 1 1 1 
1 1 1 1 1 1 1 1 1 1 1 1 1 1 1 1 1 1 1 1 1 1 1 1 1 1 1 1 1 
1 1 1 1 1 1 1 1 1 1 1 1 1 1 1 1 1 1 1 1 1 1 1 1 1 1 1 1 1 
1 1 1 1 1 1 1 1 1 1 1 1 1 1 1 1 1 1 1 1 1 1 1 1 1 1 1 1 1 
1 1 1 1 1 1 1 1 1 1 1 1 1 1 1 1 1 1 1 1 1 1 1 1 1 1 1 1 1 
1 1 1 1 1 1 1 1 1 1 1 1 1 1 1 1 1 1 1 1 1 1 1 1 1 1 1 1 1 
1 1 1 1 1 1 1 1 1 1 1 1 1 1 1 1 1 1 1 1 1 1 1 1 1 1 1 1 1 
1 1 1 1 1 1 1 1 1 1 1 1 1 1 1 1 1 1 1 1 1 1 1 1 1 1 1 1 1 
1 1 1 1 1 1 1 1 1 1 1 1 1 1 1 1 1 1 1 1 1 1 1 1 1 1 1 1 1 
1 1 1 1 1 1 1 1 1 1 1 1 1 1 1 1 1 1 1 1 1 1 1 1 1 1 1 1 1 
1 1 1 1 1 1 1 1 1 1 1 1 1 1 1 1 1 1 1 1 1 1 1 1 1 1 1 1 1 
1 1 1 1 1 1 1 1 1 1 1 1 1 1 1 1 1 1 1 1 1 1 1 1 1 1 1 1 1 
1 1 1 1 1 1 1 1 1 1 1 1 1 1 1 1 1 1 1 1 1 1 1 1 1 1 1 1 1 
1 1 1 1 1 1 1 1 1 1 1 1 1 1 1 1 1 1 1 1 1 1 1 1 1 1 1 1 1 
1 1 1 1 1 1 1 1 1 1 1 1 1 1 1 1 1 1 1 1 1 1 1 1 1 1 1 1 1 
1 1 1 1 1 1 1 1 1 1 1 1 1 1 1 1 1 1 1 1 1 1 1 1 1 1 1 1 1 
1 1 1 1 1 1 1 1 1 1 1 1 1 1 1 1 1 1 1 1 1 1 1 1 1 1 1 1 1 
1 1 1 1 1 1 1 1 1 1 1 1 1 1 1 1 1 1 1 1 1 1 1 1 1 1 1 1 1 
1 1 1 1 1 1 1 1 1 1 1 1 1 1 1 1 1 1 1 1 1 1 1 1 1 1 1 1 1 
1 1 1 1 1 1 1 1 1 1 1 1 1 1 1 1 1 1 1 1 1 1 1 1 1 1 1 1 1 
1 1 1 1 1 1 1 1 1 1 1 1 1 1 1 1 1 1 1 1 1 1 1 1 1 1 1 1 1 
1 1 1 1 1 1 1 1 1 1 1 1 1 1 1 1 1 1 1 1 1 1 1 1 1 1 1 1 1 
1 1 1 1 1 1 1 1 1 1 1 1 1 1 1 1 1 1 1 1 1 1 1 1 1 1 1 1 1 
1 1 1 1 1 1 1 1 1 1 1 1 1 1 1 1 1 1 1 1 1 1 1 1 1 1 1 1 1 
1 1 1 1 1 1 1 1 1 1 1 1 1 1 1 1 1 1 1 1 1 1 1 1 1 1 1 1 1 
1 1 1 1 1 1 1 1 1 1 1 1 1 1 1 1 1 1 1 1 1 1 1 1 1 1 1 1 1 
1 1 1 1 1 1 1 1 1 1 1 1 1 1 1 1 1 1 1 1 1 1 1 1 1 1 1 1 1 
1 1 1 1 1 1 1 1 1 1 1 1 1 1 1 1 1 1 1 1 1 1 1 1 1 1 1 1 1 
1 1 1 1 1 1 1 1 1 1 1 1 1 1 1 1 1 1 1 1 1 1 1 1 1 1 1 1 1 
1 1 1 1 1 1 1 1 1 1 1 1 1 1 1 1 1 1 1 1 1 1 1 1 1 1 1 1 1 
1 1 1 1 1 1 1 1 1 1 1 1 1 1 1 1 1 1 1 1 1 1 1 1 1 1 1 1 1 
1 1 1 1 1 1 1 1 1 1 1 1 1 1 1 1 1 1 1 1 1 1 1 1 1 1 1 1 1 
1 1 1 1 1 1 1 1 1 1 1 1 1 1 1 1 1 1 1 1 1 1 1 1 1 1 1 1 1 
1 1 1 1 1 1 1 1 1 1 1 1 1 1 1 1 1 1 1 1 1 1 1 1 1 1 1 1 1 
1 1 1 1 1 1 1 1 1 1 1 1 1 1 1 1 1 1 1 1 1 1 1 1 1 1 1 1 1 

14 
0 1 1 1 1 1 1 1 1 1 1 1 1 1 1 1 1 1 1 1 1 1 1 1 1 1 1 1 1 1 1 1 1 1 1 1 1 1 1 1 1 1 1 1 1 1 1 1 1 1 1 1 1 1 1 1 1 1 1 1 1 
0 0 0 0 0 1 1 1 1 1 1 1 1 1 1 1 1 1 1 1 1 1 1 1 1 1 1 1 1 1 1 1 1 1 1 1 1 1 1 1 1 1 1 1 1 1 1 1 1 1 1 1 1 1 1 1 1 1 1 1 1 
0 0 0 0 0 1 1 1 1 1 1 1 1 1 1 1 1 1 1 1 1 1 1 1 1 1 1 1 1 1 1 1 1 1 1 1 1 1 1 1 1 1 1 1 1 1 1 1 1 1 1 1 1 1 1 1 1 1 1 1 1 
0 0 0 0 0 1 1 1 1 1 1 1 1 1 1 1 1 1 1 1 1 1 1 1 1 1 1 1 1 1 1 1 1 1 1 1 1 1 1 1 1 1 1 1 1 1 1 1 1 1 1 1 1 1 1 1 1 1 1 1 1 
0 0 0 0 0 1 1 1 1 1 1 1 1 1 1 1 1 1 1 1 1 1 1 1 1 1 1 1 1 1 1 1 1 1 1 1 1 1 1 1 1 1 1 1 1 1 1 1 1 1 1 1 1 1 1 1 1 1 1 1 1 
0 1 1 1 1 0 0 0 0 1 1 1 1 1 1 1 1 1 1 1 1 1 1 1 1 1 1 1 1 1 1 1 1 1 1 1 1 1 1 1 1 1 1 1 1 1 1 1 1 1 1 1 1 1 1 1 1 1 1 1 1 
0 1 1 1 1 0 0 0 0 1 1 1 1 1 1 1 1 1 1 1 1 1 1 1 1 1 1 1 1 1 1 1 1 1 1 1 1 1 1 1 1 1 1 1 1 1 1 1 1 1 1 1 1 1 1 1 1 1 1 1 1 
0 1 1 1 1 0 0 0 0 1 1 1 1 1 1 1 1 1 1 1 1 1 1 1 1 1 1 1 1 1 1 1 1 1 1 1 1 1 1 1 1 1 1 1 1 1 1 1 1 1 1 1 1 1 1 1 1 1 1 1 1 
0 1 1 1 1 0 0 0 0 1 1 1 1 1 1 1 1 1 1 1 1 1 1 1 1 1 1 1 1 1 1 1 1 1 1 1 1 1 1 1 1 1 1 1 1 1 1 1 1 1 1 1 1 1 1 1 1 1 1 1 1 
0 1 1 1 1 1 1 1 1 0 0 0 0 0 0 1 1 1 1 1 1 1 1 1 1 1 1 1 1 1 1 1 1 1 1 1 1 1 1 1 1 1 1 1 1 1 1 1 1 1 1 1 1 1 1 1 1 1 1 1 1 
0 1 1 1 1 1 1 1 1 0 0 0 0 0 0 1 1 1 1 1 1 1 1 1 1 1 1 1 1 1 1 1 1 1 1 1 1 1 1 1 1 1 1 1 1 1 1 1 1 1 1 1 1 1 1 1 1 1 1 1 1 
0 1 1 1 1 1 1 1 1 0 0 0 0 0 0 1 1 1 1 1 1 1 1 1 1 1 1 1 1 1 1 1 1 1 1 1 1 1 1 1 1 1 1 1 1 1 1 1 1 1 1 1 1 1 1 1 1 1 1 1 1 
0 1 1 1 1 1 1 1 1 0 0 0 0 0 0 1 1 1 1 1 1 1 1 1 1 1 1 1 1 1 1 1 1 1 1 1 1 1 1 1 1 1 1 1 1 1 1 1 1 1 1 1 1 1 1 1 1 1 1 1 1 
0 1 1 1 1 1 1 1 1 0 0 0 0 0 0 1 1 1 1 1 1 1 1 1 1 1 1 1 1 1 1 1 1 1 1 1 1 1 1 1 1 1 1 1 1 1 1 1 1 1 1 1 1 1 1 1 1 1 1 1 1 
0 1 1 1 1 1 1 1 1 0 0 0 0 0 0 1 1 1 1 1 1 1 1 1 1 1 1 1 1 1 1 1 1 1 1 1 1 1 1 1 1 1 1 1 1 1 1 1 1 1 1 1 1 1 1 1 1 1 1 1 1 
0 1 1 1 1 1 1 1 1 1 1 1 1 1 1 0 0 0 0 0 1 1 1 1 1 1 1 1 1 1 1 1 1 1 1 1 1 1 1 1 1 1 1 1 1 1 1 1 1 1 1 1 1 1 1 1 1 1 1 1 1 
0 1 1 1 1 1 1 1 1 1 1 1 1 1 1 0 0 0 0 0 1 1 1 1 1 1 1 1 1 1 1 1 1 1 1 1 1 1 1 1 1 1 1 1 1 1 1 1 1 1 1 1 1 1 1 1 1 1 1 1 1 
0 1 1 1 1 1 1 1 1 1 1 1 1 1 1 0 0 0 0 0 1 1 1 1 1 1 1 1 1 1 1 1 1 1 1 1 1 1 1 1 1 1 1 1 1 1 1 1 1 1 1 1 1 1 1 1 1 1 1 1 1 
0 1 1 1 1 1 1 1 1 1 1 1 1 1 1 0 0 0 0 0 1 1 1 1 1 1 1 1 1 1 1 1 1 1 1 1 1 1 1 1 1 1 1 1 1 1 1 1 1 1 1 1 1 1 1 1 1 1 1 1 1 
0 1 1 1 1 1 1 1 1 1 1 1 1 1 1 0 0 0 0 0 1 1 1 1 1 1 1 1 1 1 1 1 1 1 1 1 1 1 1 1 1 1 1 1 1 1 1 1 1 1 1 1 1 1 1 1 1 1 1 1 1 
0 1 1 1 1 1 1 1 1 1 1 1 1 1 1 1 1 1 1 1 0 0 0 1 1 1 1 1 1 1 1 1 1 1 1 1 1 1 1 1 1 1 1 1 1 1 1 1 1 1 1 1 1 1 1 1 1 1 1 1 1 
0 1 1 1 1 1 1 1 1 1 1 1 1 1 1 1 1 1 1 1 0 0 0 1 1 1 1 1 1 1 1 1 1 1 1 1 1 1 1 1 1 1 1 1 1 1 1 1 1 1 1 1 1 1 1 1 1 1 1 1 1 
0 1 1 1 1 1 1 1 1 1 1 1 1 1 1 1 1 1 1 1 0 0 0 1 1 1 1 1 1 1 1 1 1 1 1 1 1 1 1 1 1 1 1 1 1 1 1 1 1 1 1 1 1 1 1 1 1 1 1 1 1 
0 1 1 1 1 1 1 1 1 1 1 1 1 1 1 1 1 1 1 1 1 1 1 0 0 0 0 0 0 1 1 1 1 1 1 1 1 1 1 1 1 1 1 1 1 1 1 1 1 1 1 1 1 1 1 1 1 1 1 1 1 
0 1 1 1 1 1 1 1 1 1 1 1 1 1 1 1 1 1 1 1 1 1 1 0 0 0 0 0 0 1 1 1 1 1 1 1 1 1 1 1 1 1 1 1 1 1 1 1 1 1 1 1 1 1 1 1 1 1 1 1 1 
0 1 1 1 1 1 1 1 1 1 1 1 1 1 1 1 1 1 1 1 1 1 1 0 0 0 0 0 0 1 1 1 1 1 1 1 1 1 1 1 1 1 1 1 1 1 1 1 1 1 1 1 1 1 1 1 1 1 1 1 1 
0 1 1 1 1 1 1 1 1 1 1 1 1 1 1 1 1 1 1 1 1 1 1 0 0 0 0 0 0 1 1 1 1 1 1 1 1 1 1 1 1 1 1 1 1 1 1 1 1 1 1 1 1 1 1 1 1 1 1 1 1 
0 1 1 1 1 1 1 1 1 1 1 1 1 1 1 1 1 1 1 1 1 1 1 0 0 0 0 0 0 1 1 1 1 1 1 1 1 1 1 1 1 1 1 1 1 1 1 1 1 1 1 1 1 1 1 1 1 1 1 1 1 
0 1 1 1 1 1 1 1 1 1 1 1 1 1 1 1 1 1 1 1 1 1 1 0 0 0 0 0 0 1 1 1 1 1 1 1 1 1 1 1 1 1 1 1 1 1 1 1 1 1 1 1 1 1 1 1 1 1 1 1 1 
0 1 1 1 1 1 1 1 1 1 1 1 1 1 1 1 1 1 1 1 1 1 1 1 1 1 1 1 1 0 0 0 1 1 1 1 1 1 1 1 1 1 1 1 1 1 1 1 1 1 1 1 1 1 1 1 1 1 1 1 1 
0 1 1 1 1 1 1 1 1 1 1 1 1 1 1 1 1 1 1 1 1 1 1 1 1 1 1 1 1 0 0 0 1 1 1 1 1 1 1 1 1 1 1 1 1 1 1 1 1 1 1 1 1 1 1 1 1 1 1 1 1 
0 1 1 1 1 1 1 1 1 1 1 1 1 1 1 1 1 1 1 1 1 1 1 1 1 1 1 1 1 0 0 0 1 1 1 1 1 1 1 1 1 1 1 1 1 1 1 1 1 1 1 1 1 1 1 1 1 1 1 1 1 
0 1 1 1 1 1 1 1 1 1 1 1 1 1 1 1 1 1 1 1 1 1 1 1 1 1 1 1 1 1 1 1 0 0 0 1 1 1 1 1 1 1 1 1 1 1 1 1 1 1 1 1 1 1 1 1 1 1 1 1 1 
0 1 1 1 1 1 1 1 1 1 1 1 1 1 1 1 1 1 1 1 1 1 1 1 1 1 1 1 1 1 1 1 0 0 0 1 1 1 1 1 1 1 1 1 1 1 1 1 1 1 1 1 1 1 1 1 1 1 1 1 1 
0 1 1 1 1 1 1 1 1 1 1 1 1 1 1 1 1 1 1 1 1 1 1 1 1 1 1 1 1 1 1 1 0 0 0 1 1 1 1 1 1 1 1 1 1 1 1 1 1 1 1 1 1 1 1 1 1 1 1 1 1 
0 1 1 1 1 1 1 1 1 1 1 1 1 1 1 1 1 1 1 1 1 1 1 1 1 1 1 1 1 1 1 1 1 1 1 0 0 0 0 1 1 1 1 1 1 1 1 1 1 1 1 1 1 1 1 1 1 1 1 1 1 
0 1 1 1 1 1 1 1 1 1 1 1 1 1 1 1 1 1 1 1 1 1 1 1 1 1 1 1 1 1 1 1 1 1 1 0 0 0 0 1 1 1 1 1 1 1 1 1 1 1 1 1 1 1 1 1 1 1 1 1 1 
0 1 1 1 1 1 1 1 1 1 1 1 1 1 1 1 1 1 1 1 1 1 1 1 1 1 1 1 1 1 1 1 1 1 1 0 0 0 0 1 1 1 1 1 1 1 1 1 1 1 1 1 1 1 1 1 1 1 1 1 1 
0 1 1 1 1 1 1 1 1 1 1 1 1 1 1 1 1 1 1 1 1 1 1 1 1 1 1 1 1 1 1 1 1 1 1 0 0 0 0 1 1 1 1 1 1 1 1 1 1 1 1 1 1 1 1 1 1 1 1 1 1 
0 1 1 1 1 1 1 1 1 1 1 1 1 1 1 1 1 1 1 1 1 1 1 1 1 1 1 1 1 1 1 1 1 1 1 1 1 1 1 0 0 0 0 0 0 1 1 1 1 1 1 1 1 1 1 1 1 1 1 1 1 
0 1 1 1 1 1 1 1 1 1 1 1 1 1 1 1 1 1 1 1 1 1 1 1 1 1 1 1 1 1 1 1 1 1 1 1 1 1 1 0 0 0 0 0 0 1 1 1 1 1 1 1 1 1 1 1 1 1 1 1 1 
0 1 1 1 1 1 1 1 1 1 1 1 1 1 1 1 1 1 1 1 1 1 1 1 1 1 1 1 1 1 1 1 1 1 1 1 1 1 1 0 0 0 0 0 0 1 1 1 1 1 1 1 1 1 1 1 1 1 1 1 1 
0 1 1 1 1 1 1 1 1 1 1 1 1 1 1 1 1 1 1 1 1 1 1 1 1 1 1 1 1 1 1 1 1 1 1 1 1 1 1 0 0 0 0 0 0 1 1 1 1 1 1 1 1 1 1 1 1 1 1 1 1 
0 1 1 1 1 1 1 1 1 1 1 1 1 1 1 1 1 1 1 1 1 1 1 1 1 1 1 1 1 1 1 1 1 1 1 1 1 1 1 0 0 0 0 0 0 1 1 1 1 1 1 1 1 1 1 1 1 1 1 1 1 
0 1 1 1 1 1 1 1 1 1 1 1 1 1 1 1 1 1 1 1 1 1 1 1 1 1 1 1 1 1 1 1 1 1 1 1 1 1 1 0 0 0 0 0 0 1 1 1 1 1 1 1 1 1 1 1 1 1 1 1 1 
0 1 1 1 1 1 1 1 1 1 1 1 1 1 1 1 1 1 1 1 1 1 1 1 1 1 1 1 1 1 1 1 1 1 1 1 1 1 1 1 1 1 1 1 1 0 0 1 1 1 1 1 1 1 1 1 1 1 1 1 1 
0 1 1 1 1 1 1 1 1 1 1 1 1 1 1 1 1 1 1 1 1 1 1 1 1 1 1 1 1 1 1 1 1 1 1 1 1 1 1 1 1 1 1 1 1 0 0 1 1 1 1 1 1 1 1 1 1 1 1 1 1 
0 1 1 1 1 1 1 1 1 1 1 1 1 1 1 1 1 1 1 1 1 1 1 1 1 1 1 1 1 1 1 1 1 1 1 1 1 1 1 1 1 1 1 1 1 1 1 0 0 0 0 1 1 1 1 1 1 1 1 1 1 
0 1 1 1 1 1 1 1 1 1 1 1 1 1 1 1 1 1 1 1 1 1 1 1 1 1 1 1 1 1 1 1 1 1 1 1 1 1 1 1 1 1 1 1 1 1 1 0 0 0 0 1 1 1 1 1 1 1 1 1 1 
0 1 1 1 1 1 1 1 1 1 1 1 1 1 1 1 1 1 1 1 1 1 1 1 1 1 1 1 1 1 1 1 1 1 1 1 1 1 1 1 1 1 1 1 1 1 1 0 0 0 0 1 1 1 1 1 1 1 1 1 1 
0 1 1 1 1 1 1 1 1 1 1 1 1 1 1 1 1 1 1 1 1 1 1 1 1 1 1 1 1 1 1 1 1 1 1 1 1 1 1 1 1 1 1 1 1 1 1 0 0 0 0 1 1 1 1 1 1 1 1 1 1 
0 1 1 1 1 1 1 1 1 1 1 1 1 1 1 1 1 1 1 1 1 1 1 1 1 1 1 1 1 1 1 1 1 1 1 1 1 1 1 1 1 1 1 1 1 1 1 1 1 1 1 0 0 0 0 0 0 1 1 1 1 
0 1 1 1 1 1 1 1 1 1 1 1 1 1 1 1 1 1 1 1 1 1 1 1 1 1 1 1 1 1 1 1 1 1 1 1 1 1 1 1 1 1 1 1 1 1 1 1 1 1 1 0 0 0 0 0 0 1 1 1 1 
0 1 1 1 1 1 1 1 1 1 1 1 1 1 1 1 1 1 1 1 1 1 1 1 1 1 1 1 1 1 1 1 1 1 1 1 1 1 1 1 1 1 1 1 1 1 1 1 1 1 1 0 0 0 0 0 0 1 1 1 1 
0 1 1 1 1 1 1 1 1 1 1 1 1 1 1 1 1 1 1 1 1 1 1 1 1 1 1 1 1 1 1 1 1 1 1 1 1 1 1 1 1 1 1 1 1 1 1 1 1 1 1 0 0 0 0 0 0 1 1 1 1 
0 1 1 1 1 1 1 1 1 1 1 1 1 1 1 1 1 1 1 1 1 1 1 1 1 1 1 1 1 1 1 1 1 1 1 1 1 1 1 1 1 1 1 1 1 1 1 1 1 1 1 0 0 0 0 0 0 1 1 1 1 
0 1 1 1 1 1 1 1 1 1 1 1 1 1 1 1 1 1 1 1 1 1 1 1 1 1 1 1 1 1 1 1 1 1 1 1 1 1 1 1 1 1 1 1 1 1 1 1 1 1 1 0 0 0 0 0 0 1 1 1 1 
0 1 1 1 1 1 1 1 1 1 1 1 1 1 1 1 1 1 1 1 1 1 1 1 1 1 1 1 1 1 1 1 1 1 1 1 1 1 1 1 1 1 1 1 1 1 1 1 1 1 1 1 1 1 1 1 1 0 0 0 0 
0 1 1 1 1 1 1 1 1 1 1 1 1 1 1 1 1 1 1 1 1 1 1 1 1 1 1 1 1 1 1 1 1 1 1 1 1 1 1 1 1 1 1 1 1 1 1 1 1 1 1 1 1 1 1 1 1 0 0 0 0 
0 1 1 1 1 1 1 1 1 1 1 1 1 1 1 1 1 1 1 1 1 1 1 1 1 1 1 1 1 1 1 1 1 1 1 1 1 1 1 1 1 1 1 1 1 1 1 1 1 1 1 1 1 1 1 1 1 0 0 0 0 
0 1 1 1 1 1 1 1 1 1 1 1 1 1 1 1 1 1 1 1 1 1 1 1 1 1 1 1 1 1 1 1 1 1 1 1 1 1 1 1 1 1 1 1 1 1 1 1 1 1 1 1 1 1 1 1 1 0 0 0 0 

0 1 1 1 1 1 1 1 1 1 1 1 1 1 1 1 1 1 1 1 1 1 1 1 1 1 1 1 1 1 1 1 1 1 1 1 1 1 1 1 1 1 1 1 1 1 1 1 1 1 1 1 1 1 1 1 1 1 1 1 1 
0 0 0 0 0 1 1 1 1 1 1 1 1 1 1 1 1 1 1 1 1 1 1 1 1 1 1 1 1 1 1 1 1 1 1 1 1 1 1 1 1 1 1 1 1 1 1 1 1 1 1 1 1 1 1 1 1 1 1 1 1 
0 0 0 0 0 1 1 1 1 1 1 1 1 1 1 1 1 1 1 1 1 1 1 1 1 1 1 1 1 1 1 1 1 1 1 1 1 1 1 1 1 1 1 1 1 1 1 1 1 1 1 1 1 1 1 1 1 1 1 1 1 
0 0 0 0 0 1 1 1 1 1 1 1 1 1 1 1 1 1 1 1 1 1 1 1 1 1 1 1 1 1 1 1 1 1 1 1 1 1 1 1 1 1 1 1 1 1 1 1 1 1 1 1 1 1 1 1 1 1 1 1 1 
0 0 0 0 0 1 1 1 1 1 1 1 1 1 1 1 1 1 1 1 1 1 1 1 1 1 1 1 1 1 1 1 1 1 1 1 1 1 1 1 1 1 1 1 1 1 1 1 1 1 1 1 1 1 1 1 1 1 1 1 1 
0 1 1 1 1 0 0 0 0 1 1 1 1 1 1 1 1 1 1 1 1 1 1 1 1 1 1 1 1 1 1 1 1 1 1 1 1 1 1 1 1 1 1 1 1 1 1 1 1 1 1 1 1 1 1 1 1 1 1 1 1 
0 1 1 1 1 0 0 0 0 1 1 1 1 1 1 1 1 1 1 1 1 1 1 1 1 1 1 1 1 1 1 1 1 1 1 1 1 1 1 1 1 1 1 1 1 1 1 1 1 1 1 1 1 1 1 1 1 1 1 1 1 
0 1 1 1 1 0 0 0 0 1 1 1 1 1 1 1 1 1 1 1 1 1 1 1 1 1 1 1 1 1 1 1 1 1 1 1 1 1 1 1 1 1 1 1 1 1 1 1 1 1 1 1 1 1 1 1 1 1 1 1 1 
0 1 1 1 1 0 0 0 0 1 1 1 1 1 1 1 1 1 1 1 1 1 1 1 1 1 1 1 1 1 1 1 1 1 1 1 1 1 1 1 1 1 1 1 1 1 1 1 1 1 1 1 1 1 1 1 1 1 1 1 1 
0 1 1 1 1 1 1 1 1 0 0 0 0 0 0 1 1 1 1 1 1 1 1 1 1 1 1 1 1 1 1 1 1 1 1 1 1 1 1 1 1 1 1 1 1 1 1 1 1 1 1 1 1 1 1 1 1 1 1 1 1 
0 1 1 1 1 1 1 1 1 0 0 0 0 0 0 1 1 1 1 1 1 1 1 1 1 1 1 1 1 1 1 1 1 1 1 1 1 1 1 1 1 1 1 1 1 1 1 1 1 1 1 1 1 1 1 1 1 1 1 1 1 
0 1 1 1 1 1 1 1 1 0 0 0 0 0 0 1 1 1 1 1 1 1 1 1 1 1 1 1 1 1 1 1 1 1 1 1 1 1 1 1 1 1 1 1 1 1 1 1 1 1 1 1 1 1 1 1 1 1 1 1 1 
0 1 1 1 1 1 1 1 1 0 0 0 0 0 0 1 1 1 1 1 1 1 1 1 1 1 1 1 1 1 1 1 1 1 1 1 1 1 1 1 1 1 1 1 1 1 1 1 1 1 1 1 1 1 1 1 1 1 1 1 1 
0 1 1 1 1 1 1 1 1 0 0 0 0 0 0 1 1 1 1 1 1 1 1 1 1 1 1 1 1 1 1 1 1 1 1 1 1 1 1 1 1 1 1 1 1 1 1 1 1 1 1 1 1 1 1 1 1 1 1 1 1 
0 1 1 1 1 1 1 1 1 0 0 0 0 0 0 1 1 1 1 1 1 1 1 1 1 1 1 1 1 1 1 1 1 1 1 1 1 1 1 1 1 1 1 1 1 1 1 1 1 1 1 1 1 1 1 1 1 1 1 1 1 
0 1 1 1 1 1 1 1 1 1 1 1 1 1 1 0 0 0 0 0 1 1 1 1 1 1 1 1 1 1 1 1 1 1 1 1 1 1 1 1 1 1 1 1 1 1 1 1 1 1 1 1 1 1 1 1 1 1 1 1 1 
0 1 1 1 1 1 1 1 1 1 1 1 1 1 1 0 0 0 0 0 1 1 1 1 1 1 1 1 1 1 1 1 1 1 1 1 1 1 1 1 1 1 1 1 1 1 1 1 1 1 1 1 1 1 1 1 1 1 1 1 1 
0 1 1 1 1 1 1 1 1 1 1 1 1 1 1 0 0 0 0 0 1 1 1 1 1 1 1 1 1 1 1 1 1 1 1 1 1 1 1 1 1 1 1 1 1 1 1 1 1 1 1 1 1 1 1 1 1 1 1 1 1 
0 1 1 1 1 1 1 1 1 1 1 1 1 1 1 0 0 0 0 0 1 1 1 1 1 1 1 1 1 1 1 1 1 1 1 1 1 1 1 1 1 1 1 1 1 1 1 1 1 1 1 1 1 1 1 1 1 1 1 1 1 
0 1 1 1 1 1 1 1 1 1 1 1 1 1 1 0 0 0 0 0 1 1 1 1 1 1 1 1 1 1 1 1 1 1 1 1 1 1 1 1 1 1 1 1 1 1 1 1 1 1 1 1 1 1 1 1 1 1 1 1 1 
0 1 1 1 1 1 1 1 1 1 1 1 1 1 1 1 1 1 1 1 0 0 0 1 1 1 1 1 1 1 1 1 1 1 1 1 1 1 1 1 1 1 1 1 1 1 1 1 1 1 1 1 1 1 1 1 1 1 1 1 1 
0 1 1 1 1 1 1 1 1 1 1 1 1 1 1 1 1 1 1 1 0 0 0 1 1 1 1 1 1 1 1 1 1 1 1 1 1 1 1 1 1 1 1 1 1 1 1 1 1 1 1 1 1 1 1 1 1 1 1 1 1 
0 1 1 1 1 1 1 1 1 1 1 1 1 1 1 1 1 1 1 1 0 0 0 1 1 1 1 1 1 1 1 1 1 1 1 1 1 1 1 1 1 1 1 1 1 1 1 1 1 1 1 1 1 1 1 1 1 1 1 1 1 
0 1 1 1 1 1 1 1 1 1 1 1 1 1 1 1 1 1 1 1 1 1 1 0 0 0 0 0 0 1 1 1 1 1 1 1 1 1 1 1 1 1 1 1 1 1 1 1 1 1 1 1 1 1 1 1 1 1 1 1 1 
0 1 1 1 1 1 1 1 1 1 1 1 1 1 1 1 1 1 1 1 1 1 1 0 0 0 0 0 0 1 1 1 1 1 1 1 1 1 1 1 1 1 1 1 1 1 1 1 1 1 1 1 1 1 1 1 1 1 1 1 1 
0 1 1 1 1 1 1 1 1 1 1 1 1 1 1 1 1 1 1 1 1 1 1 0 0 0 0 0 0 1 1 1 1 1 1 1 1 1 1 1 1 1 1 1 1 1 1 1 1 1 1 1 1 1 1 1 1 1 1 1 1 
0 1 1 1 1 1 1 1 1 1 1 1 1 1 1 1 1 1 1 1 1 1 1 0 0 0 0 0 0 1 1 1 1 1 1 1 1 1 1 1 1 1 1 1 1 1 1 1 1 1 1 1 1 1 1 1 1 1 1 1 1 
0 1 1 1 1 1 1 1 1 1 1 1 1 1 1 1 1 1 1 1 1 1 1 0 0 0 0 0 0 1 1 1 1 1 1 1 1 1 1 1 1 1 1 1 1 1 1 1 1 1 1 1 1 1 1 1 1 1 1 1 1 
0 1 1 1 1 1 1 1 1 1 1 1 1 1 1 1 1 1 1 1 1 1 1 0 0 0 0 0 0 1 1 1 1 1 1 1 1 1 1 1 1 1 1 1 1 1 1 1 1 1 1 1 1 1 1 1 1 1 1 1 1 
0 1 1 1 1 1 1 1 1 1 1 1 1 1 1 1 1 1 1 1 1 1 1 1 1 1 1 1 1 0 0 0 1 1 1 1 1 1 1 1 1 1 1 1 1 1 1 1 1 1 1 1 1 1 1 1 1 1 1 1 1 
0 1 1 1 1 1 1 1 1 1 1 1 1 1 1 1 1 1 1 1 1 1 1 1 1 1 1 1 1 0 0 0 1 1 1 1 1 1 1 1 1 1 1 1 1 1 1 1 1 1 1 1 1 1 1 1 1 1 1 1 1 
0 1 1 1 1 1 1 1 1 1 1 1 1 1 1 1 1 1 1 1 1 1 1 1 1 1 1 1 1 0 0 0 1 1 1 1 1 1 1 1 1 1 1 1 1 1 1 1 1 1 1 1 1 1 1 1 1 1 1 1 1 
0 1 1 1 1 1 1 1 1 1 1 1 1 1 1 1 1 1 1 1 1 1 1 1 1 1 1 1 1 1 1 1 0 0 0 1 1 1 1 1 1 1 1 1 1 1 1 1 1 1 1 1 1 1 1 1 1 1 1 1 1 
0 1 1 1 1 1 1 1 1 1 1 1 1 1 1 1 1 1 1 1 1 1 1 1 1 1 1 1 1 1 1 1 0 0 0 1 1 1 1 1 1 1 1 1 1 1 1 1 1 1 1 1 1 1 1 1 1 1 1 1 1 
0 1 1 1 1 1 1 1 1 1 1 1 1 1 1 1 1 1 1 1 1 1 1 1 1 1 1 1 1 1 1 1 0 0 0 1 1 1 1 1 1 1 1 1 1 1 1 1 1 1 1 1 1 1 1 1 1 1 1 1 1 
0 1 1 1 1 1 1 1 1 1 1 1 1 1 1 1 1 1 1 1 1 1 1 1 1 1 1 1 1 1 1 1 1 1 1 0 0 0 0 1 1 1 1 1 1 1 1 1 1 1 1 1 1 1 1 1 1 1 1 1 1 
0 1 1 1 1 1 1 1 1 1 1 1 1 1 1 1 1 1 1 1 1 1 1 1 1 1 1 1 1 1 1 1 1 1 1 0 0 0 0 1 1 1 1 1 1 1 1 1 1 1 1 1 1 1 1 1 1 1 1 1 1 
0 1 1 1 1 1 1 1 1 1 1 1 1 1 1 1 1 1 1 1 1 1 1 1 1 1 1 1 1 1 1 1 1 1 1 0 0 0 0 1 1 1 1 1 1 1 1 1 1 1 1 1 1 1 1 1 1 1 1 1 1 
0 1 1 1 1 1 1 1 1 1 1 1 1 1 1 1 1 1 1 1 1 1 1 1 1 1 1 1 1 1 1 1 1 1 1 0 0 0 0 1 1 1 1 1 1 1 1 1 1 1 1 1 1 1 1 1 1 1 1 1 1 
0 1 1 1 1 1 1 1 1 1 1 1 1 1 1 1 1 1 1 1 1 1 1 1 1 1 1 1 1 1 1 1 1 1 1 1 1 1 1 0 0 0 0 0 0 1 1 1 1 1 1 1 1 1 1 1 1 1 1 1 1 
0 1 1 1 1 1 1 1 1 1 1 1 1 1 1 1 1 1 1 1 1 1 1 1 1 1 1 1 1 1 1 1 1 1 1 1 1 1 1 0 0 0 0 0 0 1 1 1 1 1 1 1 1 1 1 1 1 1 1 1 1 
0 1 1 1 1 1 1 1 1 1 1 1 1 1 1 1 1 1 1 1 1 1 1 1 1 1 1 1 1 1 1 1 1 1 1 1 1 1 1 0 0 0 0 0 0 1 1 1 1 1 1 1 1 1 1 1 1 1 1 1 1 
0 1 1 1 1 1 1 1 1 1 1 1 1 1 1 1 1 1 1 1 1 1 1 1 1 1 1 1 1 1 1 1 1 1 1 1 1 1 1 0 0 0 0 0 0 1 1 1 1 1 1 1 1 1 1 1 1 1 1 1 1 
0 1 1 1 1 1 1 1 1 1 1 1 1 1 1 1 1 1 1 1 1 1 1 1 1 1 1 1 1 1 1 1 1 1 1 1 1 1 1 0 0 0 0 0 0 1 1 1 1 1 1 1 1 1 1 1 1 1 1 1 1 
0 1 1 1 1 1 1 1 1 1 1 1 1 1 1 1 1 1 1 1 1 1 1 1 1 1 1 1 1 1 1 1 1 1 1 1 1 1 1 0 0 0 0 0 0 1 1 1 1 1 1 1 1 1 1 1 1 1 1 1 1 
0 1 1 1 1 1 1 1 1 1 1 1 1 1 1 1 1 1 1 1 1 1 1 1 1 1 1 1 1 1 1 1 1 1 1 1 1 1 1 1 1 1 1 1 1 0 0 1 1 1 1 1 1 1 1 1 1 1 1 1 1 
0 1 1 1 1 1 1 1 1 1 1 1 1 1 1 1 1 1 1 1 1 1 1 1 1 1 1 1 1 1 1 1 1 1 1 1 1 1 1 1 1 1 1 1 1 0 0 1 1 1 1 1 1 1 1 1 1 1 1 1 1 
0 1 1 1 1 1 1 1 1 1 1 1 1 1 1 1 1 1 1 1 1 1 1 1 1 1 1 1 1 1 1 1 1 1 1 1 1 1 1 1 1 1 1 1 1 1 1 0 0 0 0 1 1 1 1 1 1 1 1 1 1 
0 1 1 1 1 1 1 1 1 1 1 1 1 1 1 1 1 1 1 1 1 1 1 1 1 1 1 1 1 1 1 1 1 1 1 1 1 1 1 1 1 1 1 1 1 1 1 0 0 0 0 1 1 1 1 1 1 1 1 1 1 
0 1 1 1 1 1 1 1 1 1 1 1 1 1 1 1 1 1 1 1 1 1 1 1 1 1 1 1 1 1 1 1 1 1 1 1 1 1 1 1 1 1 1 1 1 1 1 0 0 0 0 1 1 1 1 1 1 1 1 1 1 
0 1 1 1 1 1 1 1 1 1 1 1 1 1 1 1 1 1 1 1 1 1 1 1 1 1 1 1 1 1 1 1 1 1 1 1 1 1 1 1 1 1 1 1 1 1 1 0 0 0 0 1 1 1 1 1 1 1 1 1 1 
0 1 1 1 1 1 1 1 1 1 1 1 1 1 1 1 1 1 1 1 1 1 1 1 1 1 1 1 1 1 1 1 1 1 1 1 1 1 1 1 1 1 1 1 1 1 1 1 1 1 1 0 0 0 0 0 0 1 1 1 1 
0 1 1 1 1 1 1 1 1 1 1 1 1 1 1 1 1 1 1 1 1 1 1 1 1 1 1 1 1 1 1 1 1 1 1 1 1 1 1 1 1 1 1 1 1 1 1 1 1 1 1 0 0 0 0 0 0 1 1 1 1 
0 1 1 1 1 1 1 1 1 1 1 1 1 1 1 1 1 1 1 1 1 1 1 1 1 1 1 1 1 1 1 1 1 1 1 1 1 1 1 1 1 1 1 1 1 1 1 1 1 1 1 0 0 0 0 0 0 1 1 1 1 
0 1 1 1 1 1 1 1 1 1 1 1 1 1 1 1 1 1 1 1 1 1 1 1 1 1 1 1 1 1 1 1 1 1 1 1 1 1 1 1 1 1 1 1 1 1 1 1 1 1 1 0 0 0 0 0 0 1 1 1 1 
0 1 1 1 1 1 1 1 1 1 1 1 1 1 1 1 1 1 1 1 1 1 1 1 1 1 1 1 1 1 1 1 1 1 1 1 1 1 1 1 1 1 1 1 1 1 1 1 1 1 1 0 0 0 0 0 0 1 1 1 1 
0 1 1 1 1 1 1 1 1 1 1 1 1 1 1 1 1 1 1 1 1 1 1 1 1 1 1 1 1 1 1 1 1 1 1 1 1 1 1 1 1 1 1 1 1 1 1 1 1 1 1 0 0 0 0 0 0 1 1 1 1 
0 1 1 1 1 1 1 1 1 1 1 1 1 1 1 1 1 1 1 1 1 1 1 1 1 1 1 1 1 1 1 1 1 1 1 1 1 1 1 1 1 1 1 1 1 1 1 1 1 1 1 1 1 1 1 1 1 0 0 0 0 
0 1 1 1 1 1 1 1 1 1 1 1 1 1 1 1 1 1 1 1 1 1 1 1 1 1 1 1 1 1 1 1 1 1 1 1 1 1 1 1 1 1 1 1 1 1 1 1 1 1 1 1 1 1 1 1 1 0 0 0 0 
0 1 1 1 1 1 1 1 1 1 1 1 1 1 1 1 1 1 1 1 1 1 1 1 1 1 1 1 1 1 1 1 1 1 1 1 1 1 1 1 1 1 1 1 1 1 1 1 1 1 1 1 1 1 1 1 1 0 0 0 0 
0 1 1 1 1 1 1 1 1 1 1 1 1 1 1 1 1 1 1 1 1 1 1 1 1 1 1 1 1 1 1 1 1 1 1 1 1 1 1 1 1 1 1 1 1 1 1 1 1 1 1 1 1 1 1 1 1 0 0 0 0 

12
14
